Solving CPU Elapsed Time in (Seconds): 10100.078
The value of the objective function is (Total Cost): 110

 [[[[0 0 0 0 0]
                 [0 0 0 0 0]
                 [0 0 0 0 0]
                 [0 0 0 0 0]
                 [0 0 0 0 0]
                 [0 0 0 0 0]
                 [0 0 0 0 0]
                 [0 0 0 0 0]
                 [0 0 0 0 0]
                 [0 0 0 0 0]]
             [[0 0 0 0 0]
                 [0 0 0 0 0]
                 [0 0 0 0 0]
                 [0 0 0 0 0]
                 [1 0 0 0 0]
                 [0 0 0 0 0]
                 [0 0 0 0 0]
                 [0 0 0 0 0]
                 [0 0 0 0 0]
                 [0 0 0 0 0]]
             [[0 0 0 0 0]
                 [1 0 0 0 0]
                 [0 0 0 0 0]
                 [0 0 0 0 0]
                 [0 0 0 0 0]
                 [0 0 0 0 0]
                 [0 0 0 0 0]
                 [0 0 0 0 0]
                 [0 0 0 0 0]
                 [0 0 0 0 0]]
             [[0 0 0 0 0]
                 [0 0 0 0 0]
                 [0 0 0 0 0]
                 [0 0 0 0 0]
                 [0 0 0 0 0]
                 [0 0 0 0 0]
                 [1 0 0 0 0]
                 [0 0 0 0 0]
                 [0 0 0 0 0]
                 [0 0 0 0 0]]
             [[1 0 0 0 0]
                 [0 0 0 0 0]
                 [0 0 0 0 0]
                 [0 0 0 0 0]
                 [0 0 0 0 0]
                 [0 0 0 0 0]
                 [0 0 0 0 0]
                 [0 0 0 0 0]
                 [0 0 0 0 0]
                 [0 0 0 0 0]]
             [[0 0 0 0 0]
                 [0 0 0 0 0]
                 [0 0 0 0 0]
                 [0 0 0 0 0]
                 [0 0 0 0 0]
                 [0 0 0 0 0]
                 [0 0 0 0 0]
                 [0 0 0 0 0]
                 [0 0 0 0 0]
                 [0 0 0 0 0]]
             [[0 0 0 0 0]
                 [0 0 0 0 0]
                 [0 0 0 0 0]
                 [0 0 0 0 0]
                 [0 0 0 0 0]
                 [1 0 0 0 0]
                 [0 0 0 0 0]
                 [0 0 0 0 0]
                 [0 0 0 0 0]
                 [0 0 0 0 0]]
             [[0 0 0 0 0]
                 [0 0 0 0 0]
                 [0 0 0 0 0]
                 [0 0 0 0 0]
                 [0 0 0 0 0]
                 [0 0 0 0 0]
                 [0 0 0 0 0]
                 [0 0 0 0 0]
                 [0 0 0 0 0]
                 [0 0 0 0 0]]
             [[0 0 0 0 0]
                 [0 0 0 0 0]
                 [0 0 0 0 0]
                 [0 0 0 0 0]
                 [0 0 0 0 0]
                 [0 0 0 0 0]
                 [0 0 0 0 0]
                 [0 0 0 0 0]
                 [0 0 0 0 0]
                 [0 0 0 0 0]]
             [[0 0 0 0 0]
                 [0 0 0 0 0]
                 [0 0 0 0 0]
                 [1 0 0 0 0]
                 [0 0 0 0 0]
                 [0 0 0 0 0]
                 [0 0 0 0 0]
                 [0 0 0 0 0]
                 [0 0 0 0 0]
                 [0 0 0 0 0]]
             [[0 0 0 0 0]
                 [0 0 0 0 0]
                 [1 0 0 0 0]
                 [0 0 0 0 0]
                 [0 0 0 0 0]
                 [0 0 0 0 0]
                 [0 0 0 0 0]
                 [0 0 0 0 0]
                 [0 0 0 0 0]
                 [0 0 0 0 0]]
             [[0 0 0 0 0]
                 [0 0 0 0 0]
                 [0 0 0 0 0]
                 [0 0 0 0 0]
                 [0 0 0 0 0]
                 [0 0 0 0 0]
                 [0 0 0 0 0]
                 [0 0 0 0 0]
                 [0 0 0 0 0]
                 [0 0 0 0 0]]]
         [[[0 0 0 0 0]
                 [0 0 0 0 0]
                 [0 0 0 0 0]
                 [0 0 0 0 0]
                 [1 0 0 0 0]
                 [0 0 0 0 0]
                 [0 0 0 0 0]
                 [0 0 0 0 0]
                 [0 0 0 0 0]
                 [0 0 0 0 0]]
             [[0 0 0 0 0]
                 [0 0 0 0 0]
                 [0 0 0 0 0]
                 [0 0 0 0 0]
                 [0 0 0 0 0]
                 [0 0 0 0 0]
                 [0 0 0 0 0]
                 [0 0 0 0 0]
                 [0 0 0 0 0]
                 [0 0 0 0 0]]
             [[0 0 0 0 0]
                 [0 0 0 0 0]
                 [0 0 0 0 0]
                 [0 0 0 0 0]
                 [0 0 0 0 0]
                 [0 0 0 0 0]
                 [0 0 0 0 0]
                 [0 0 0 0 0]
                 [0 0 0 0 0]
                 [0 0 0 0 0]]
             [[0 0 0 0 0]
                 [0 0 0 0 0]
                 [0 0 0 0 0]
                 [0 0 0 0 0]
                 [0 0 0 0 0]
                 [0 0 0 0 0]
                 [0 0 0 0 0]
                 [0 0 0 0 0]
                 [0 0 0 0 0]
                 [0 0 0 0 0]]
             [[0 0 0 0 0]
                 [0 0 0 0 0]
                 [0 0 0 0 0]
                 [0 0 0 0 0]
                 [0 0 0 0 0]
                 [0 0 0 0 0]
                 [0 0 0 0 0]
                 [0 0 0 0 0]
                 [0 0 0 0 0]
                 [0 0 0 0 0]]
             [[0 0 0 0 0]
                 [0 0 0 0 0]
                 [0 0 0 0 0]
                 [0 0 0 0 0]
                 [0 0 0 0 0]
                 [0 0 0 0 0]
                 [0 0 0 0 0]
                 [0 0 0 0 0]
                 [0 0 0 0 0]
                 [0 0 0 0 0]]
             [[0 0 0 0 0]
                 [0 0 0 0 0]
                 [0 0 0 0 0]
                 [0 0 0 0 0]
                 [0 0 0 0 0]
                 [0 0 0 0 0]
                 [0 0 0 0 0]
                 [0 0 0 0 0]
                 [0 0 0 0 0]
                 [0 0 0 0 0]]
             [[0 0 0 0 0]
                 [0 0 0 0 0]
                 [0 0 0 0 0]
                 [0 0 0 0 0]
                 [0 0 0 0 0]
                 [0 0 0 0 0]
                 [0 0 0 0 0]
                 [0 0 0 0 0]
                 [0 0 0 0 0]
                 [0 0 0 0 0]]
             [[0 0 0 0 0]
                 [0 0 0 0 0]
                 [0 0 0 0 0]
                 [0 0 0 0 0]
                 [0 0 0 0 0]
                 [0 0 0 0 0]
                 [0 0 0 0 0]
                 [0 0 0 0 0]
                 [0 0 0 0 0]
                 [0 0 0 0 0]]
             [[0 0 0 0 0]
                 [0 0 0 0 0]
                 [0 0 0 0 0]
                 [0 0 0 0 0]
                 [0 0 0 0 0]
                 [0 0 0 0 0]
                 [0 0 0 0 0]
                 [0 0 0 0 0]
                 [0 0 0 0 0]
                 [0 0 0 0 0]]
             [[0 0 0 0 0]
                 [0 0 0 0 0]
                 [0 0 0 0 0]
                 [0 0 0 0 0]
                 [0 0 0 0 0]
                 [0 0 0 0 0]
                 [0 0 0 0 0]
                 [0 0 0 0 0]
                 [0 0 0 0 0]
                 [0 0 0 0 0]]
             [[0 0 0 0 0]
                 [0 0 0 0 0]
                 [0 0 0 0 0]
                 [0 0 0 0 0]
                 [0 0 0 0 0]
                 [0 0 0 0 0]
                 [0 0 0 0 0]
                 [0 0 0 0 0]
                 [0 0 0 0 0]
                 [0 0 0 0 0]]]
         [[[0 0 0 0 0]
                 [0 0 0 0 0]
                 [0 0 0 0 0]
                 [0 0 0 0 0]
                 [0 0 0 0 0]
                 [0 0 0 0 0]
                 [0 0 0 0 0]
                 [0 0 0 0 0]
                 [0 0 0 0 0]
                 [0 0 0 0 0]]
             [[0 0 0 0 0]
                 [0 0 0 0 0]
                 [0 0 0 0 0]
                 [0 0 0 0 0]
                 [0 0 0 0 0]
                 [0 0 0 0 0]
                 [0 0 0 0 0]
                 [0 0 0 0 0]
                 [0 0 0 0 0]
                 [0 0 0 0 0]]
             [[0 0 0 0 0]
                 [0 0 0 0 0]
                 [0 0 0 0 0]
                 [0 0 0 0 0]
                 [0 0 0 0 0]
                 [0 0 0 0 0]
                 [0 0 0 0 0]
                 [0 0 0 0 0]
                 [0 0 0 0 0]
                 [0 0 0 0 0]]
             [[0 0 0 0 0]
                 [0 0 0 0 0]
                 [0 0 0 0 0]
                 [0 0 0 0 0]
                 [0 0 0 0 0]
                 [0 0 0 0 0]
                 [0 0 0 0 0]
                 [0 0 0 0 0]
                 [0 0 0 0 0]
                 [0 0 0 0 0]]
             [[0 0 0 0 0]
                 [0 0 0 0 0]
                 [0 0 0 0 0]
                 [0 0 0 0 0]
                 [0 0 0 0 0]
                 [0 0 0 0 0]
                 [0 0 0 0 0]
                 [0 0 0 0 0]
                 [0 0 0 0 0]
                 [0 0 0 0 0]]
             [[0 0 0 0 0]
                 [0 0 0 0 0]
                 [0 0 0 0 0]
                 [0 0 0 0 0]
                 [0 0 0 0 0]
                 [0 0 0 0 0]
                 [0 0 0 0 0]
                 [0 0 0 0 0]
                 [0 0 0 0 0]
                 [0 0 0 0 0]]
             [[0 0 0 0 0]
                 [0 0 0 0 0]
                 [0 0 0 0 0]
                 [0 0 0 0 0]
                 [0 0 0 0 0]
                 [0 0 0 0 0]
                 [0 0 0 0 0]
                 [0 0 0 0 0]
                 [0 0 0 0 0]
                 [0 0 0 0 0]]
             [[0 0 0 0 0]
                 [0 0 0 0 0]
                 [0 0 0 0 0]
                 [0 0 0 0 0]
                 [0 0 0 0 0]
                 [0 0 0 0 0]
                 [0 0 0 0 0]
                 [0 0 0 0 0]
                 [0 0 0 0 0]
                 [0 0 0 0 0]]
             [[0 0 0 0 0]
                 [1 0 0 0 0]
                 [0 0 0 0 0]
                 [0 0 0 0 0]
                 [0 0 0 0 0]
                 [0 0 0 0 0]
                 [0 0 0 0 0]
                 [0 0 0 0 0]
                 [0 0 0 0 0]
                 [0 0 0 0 0]]
             [[0 0 0 0 0]
                 [0 0 0 0 0]
                 [0 0 0 0 0]
                 [0 0 0 0 0]
                 [0 0 0 0 0]
                 [0 0 0 0 0]
                 [0 0 0 0 0]
                 [0 0 0 0 0]
                 [0 0 0 0 0]
                 [0 0 0 0 0]]
             [[0 0 0 0 0]
                 [0 0 0 0 0]
                 [0 0 0 0 0]
                 [0 0 0 0 0]
                 [0 0 0 0 0]
                 [0 0 0 0 0]
                 [0 0 0 0 0]
                 [0 0 0 0 0]
                 [0 0 0 0 0]
                 [0 0 0 0 0]]
             [[0 0 0 0 0]
                 [0 0 0 0 0]
                 [0 0 0 0 0]
                 [0 0 0 0 0]
                 [0 0 0 0 0]
                 [0 0 0 0 0]
                 [0 0 0 0 0]
                 [0 0 0 0 0]
                 [0 0 0 0 0]
                 [0 0 0 0 0]]]
         [[[0 0 0 0 0]
                 [0 0 0 0 0]
                 [0 0 0 0 0]
                 [0 0 0 0 0]
                 [0 0 0 0 0]
                 [0 0 0 0 0]
                 [1 0 0 0 0]
                 [0 0 0 0 0]
                 [0 0 0 0 0]
                 [0 0 0 0 0]]
             [[0 0 0 0 0]
                 [0 0 0 0 0]
                 [0 0 0 0 0]
                 [0 0 0 0 0]
                 [0 0 0 0 0]
                 [0 0 0 0 0]
                 [0 0 0 0 0]
                 [0 0 0 0 0]
                 [0 0 0 0 0]
                 [0 0 0 0 0]]
             [[0 0 0 0 0]
                 [0 0 0 0 0]
                 [0 0 0 0 0]
                 [0 0 0 0 0]
                 [0 0 0 0 0]
                 [0 0 0 0 0]
                 [0 0 0 0 0]
                 [0 0 0 0 0]
                 [0 0 0 0 0]
                 [0 0 0 0 0]]
             [[0 0 0 0 0]
                 [0 0 0 0 0]
                 [0 0 0 0 0]
                 [0 0 0 0 0]
                 [0 0 0 0 0]
                 [0 0 0 0 0]
                 [0 0 0 0 0]
                 [0 0 0 0 0]
                 [0 0 0 0 0]
                 [0 0 0 0 0]]
             [[0 0 0 0 0]
                 [0 0 0 0 0]
                 [0 0 0 0 0]
                 [0 0 0 0 0]
                 [0 0 0 0 0]
                 [0 0 0 0 0]
                 [0 0 0 0 0]
                 [0 0 0 0 0]
                 [0 0 0 0 0]
                 [0 0 0 0 0]]
             [[0 0 0 0 0]
                 [0 0 0 0 0]
                 [0 0 0 0 0]
                 [0 0 0 0 0]
                 [0 0 0 0 0]
                 [0 0 0 0 0]
                 [0 0 0 0 0]
                 [0 0 0 0 0]
                 [0 0 0 0 0]
                 [0 0 0 0 0]]
             [[0 0 0 0 0]
                 [0 0 0 0 0]
                 [0 0 0 0 0]
                 [0 0 0 0 0]
                 [0 0 0 0 0]
                 [0 0 0 0 0]
                 [0 0 0 0 0]
                 [0 0 0 0 0]
                 [0 0 0 0 0]
                 [0 0 0 0 0]]
             [[0 0 0 0 0]
                 [0 0 0 0 0]
                 [0 0 0 0 0]
                 [0 0 0 0 0]
                 [0 0 0 0 0]
                 [0 0 0 0 0]
                 [0 0 0 0 0]
                 [0 0 0 0 0]
                 [0 0 0 0 0]
                 [0 0 0 0 0]]
             [[0 0 0 0 0]
                 [0 0 0 0 0]
                 [0 0 0 0 0]
                 [0 0 0 0 0]
                 [0 0 0 0 0]
                 [0 0 0 0 0]
                 [0 0 0 0 0]
                 [0 0 0 0 0]
                 [0 0 0 0 0]
                 [0 0 0 0 0]]
             [[0 0 0 0 0]
                 [0 0 0 0 0]
                 [0 0 0 0 0]
                 [0 0 0 0 0]
                 [0 0 0 0 0]
                 [0 0 0 0 0]
                 [0 0 0 0 0]
                 [0 0 0 0 0]
                 [0 0 0 0 0]
                 [0 0 0 0 0]]
             [[0 0 0 0 0]
                 [0 0 0 0 0]
                 [0 0 0 0 0]
                 [0 0 0 0 0]
                 [0 0 0 0 0]
                 [0 0 0 0 0]
                 [0 0 0 0 0]
                 [0 0 0 0 0]
                 [0 0 0 0 0]
                 [0 0 0 0 0]]
             [[0 0 0 0 0]
                 [0 0 0 0 0]
                 [0 0 0 0 0]
                 [0 0 0 0 0]
                 [0 0 0 0 0]
                 [0 0 0 0 0]
                 [0 0 0 0 0]
                 [0 0 0 0 0]
                 [0 0 0 0 0]
                 [0 0 0 0 0]]]
         [[[1 0 0 0 0]
                 [0 0 0 0 0]
                 [0 0 0 0 0]
                 [0 0 0 0 0]
                 [0 0 0 0 0]
                 [0 0 0 0 0]
                 [0 0 0 0 0]
                 [0 0 0 0 0]
                 [0 0 0 0 0]
                 [0 0 0 0 0]]
             [[0 0 0 0 0]
                 [0 0 0 0 0]
                 [0 0 0 0 0]
                 [0 0 0 0 0]
                 [0 0 0 0 0]
                 [0 0 0 0 0]
                 [0 0 0 0 0]
                 [0 0 0 0 0]
                 [0 0 0 0 0]
                 [0 0 0 0 0]]
             [[0 0 0 0 0]
                 [0 0 0 0 0]
                 [0 0 0 0 0]
                 [0 0 0 0 0]
                 [0 0 0 0 0]
                 [0 0 0 0 0]
                 [0 0 0 0 0]
                 [0 0 0 0 0]
                 [0 0 0 0 0]
                 [0 0 0 0 0]]
             [[0 0 0 0 0]
                 [0 0 0 0 0]
                 [0 0 0 0 0]
                 [0 0 0 0 0]
                 [0 0 0 0 0]
                 [0 0 0 0 0]
                 [0 0 0 0 0]
                 [0 0 0 0 0]
                 [0 0 0 0 0]
                 [0 0 0 0 0]]
             [[0 0 0 0 0]
                 [0 0 0 0 0]
                 [0 0 0 0 0]
                 [0 0 0 0 0]
                 [0 0 0 0 0]
                 [0 0 0 0 0]
                 [0 0 0 0 0]
                 [0 0 0 0 0]
                 [0 0 0 0 0]
                 [0 0 0 0 0]]
             [[0 0 0 0 0]
                 [0 0 0 0 0]
                 [0 0 0 0 0]
                 [0 0 0 0 0]
                 [0 0 0 0 0]
                 [0 0 0 0 0]
                 [0 0 0 0 0]
                 [0 0 0 0 0]
                 [0 0 0 0 0]
                 [0 0 0 0 0]]
             [[0 0 0 0 0]
                 [0 0 0 0 0]
                 [0 0 0 0 0]
                 [0 0 0 0 0]
                 [0 0 0 0 0]
                 [0 0 0 0 0]
                 [0 0 0 0 0]
                 [0 0 0 0 0]
                 [0 0 0 0 0]
                 [0 0 0 0 0]]
             [[0 0 0 0 0]
                 [0 0 0 0 0]
                 [0 0 0 0 0]
                 [0 0 0 0 0]
                 [0 0 0 0 0]
                 [0 0 0 0 0]
                 [0 0 0 0 0]
                 [0 0 0 0 0]
                 [0 0 0 0 0]
                 [0 0 0 0 0]]
             [[0 0 0 0 0]
                 [0 0 0 0 0]
                 [0 0 0 0 0]
                 [0 0 0 0 0]
                 [0 0 0 0 0]
                 [0 0 0 0 0]
                 [0 0 0 0 0]
                 [0 0 0 0 0]
                 [0 0 0 0 0]
                 [0 0 0 0 0]]
             [[0 0 0 0 0]
                 [0 0 0 0 0]
                 [0 0 0 0 0]
                 [0 0 0 0 0]
                 [0 0 0 0 0]
                 [0 0 0 0 0]
                 [0 0 0 0 0]
                 [0 0 0 0 0]
                 [0 0 0 0 0]
                 [0 0 0 0 0]]
             [[0 0 0 0 0]
                 [0 0 0 0 0]
                 [0 0 0 0 0]
                 [0 0 0 0 0]
                 [0 0 0 0 0]
                 [0 0 0 0 0]
                 [0 0 0 0 0]
                 [0 0 0 0 0]
                 [0 0 0 0 0]
                 [0 0 0 0 0]]
             [[0 0 0 0 0]
                 [0 0 0 0 0]
                 [0 0 0 0 0]
                 [0 0 0 0 0]
                 [0 0 0 0 0]
                 [0 0 0 0 0]
                 [0 0 0 0 0]
                 [0 0 0 0 0]
                 [0 0 0 0 0]
                 [0 0 0 0 0]]]
         [[[0 0 0 0 0]
                 [0 0 0 0 0]
                 [1 0 0 0 0]
                 [0 0 0 0 0]
                 [0 0 0 0 0]
                 [0 0 0 0 0]
                 [0 0 0 0 0]
                 [0 0 0 0 0]
                 [0 0 0 0 0]
                 [0 0 0 0 0]]
             [[0 0 0 0 0]
                 [0 0 0 0 0]
                 [0 0 0 0 0]
                 [0 0 0 0 0]
                 [0 0 0 0 0]
                 [0 0 0 0 0]
                 [0 0 0 0 0]
                 [0 0 0 0 0]
                 [0 0 0 0 0]
                 [0 0 0 0 0]]
             [[0 0 0 0 0]
                 [0 0 0 0 0]
                 [0 0 0 0 0]
                 [0 0 0 0 0]
                 [0 0 0 0 0]
                 [0 0 0 0 0]
                 [0 0 0 0 0]
                 [0 0 0 0 0]
                 [0 0 0 0 0]
                 [0 0 0 0 0]]
             [[0 0 0 0 0]
                 [0 0 0 0 0]
                 [0 0 0 0 0]
                 [0 0 0 0 0]
                 [0 0 0 0 0]
                 [0 0 0 0 0]
                 [0 0 0 0 0]
                 [0 0 0 0 0]
                 [0 0 0 0 0]
                 [0 0 0 0 0]]
             [[0 0 0 0 0]
                 [0 0 0 0 0]
                 [0 0 0 0 0]
                 [0 0 0 0 0]
                 [0 0 0 0 0]
                 [0 0 0 0 0]
                 [0 0 0 0 0]
                 [0 0 0 0 0]
                 [0 0 0 0 0]
                 [0 0 0 0 0]]
             [[0 0 0 0 0]
                 [0 0 0 0 0]
                 [0 0 0 0 0]
                 [0 0 0 0 0]
                 [0 0 0 0 0]
                 [0 0 0 0 0]
                 [0 0 0 0 0]
                 [0 0 0 0 0]
                 [0 0 0 0 0]
                 [0 0 0 0 0]]
             [[0 0 0 0 0]
                 [0 0 0 0 0]
                 [0 0 0 0 0]
                 [0 0 0 0 0]
                 [0 0 0 0 0]
                 [0 0 0 0 0]
                 [0 0 0 0 0]
                 [0 0 0 0 0]
                 [0 0 0 0 0]
                 [0 0 0 0 0]]
             [[0 0 0 0 0]
                 [0 0 0 0 0]
                 [0 0 0 0 0]
                 [0 0 0 0 0]
                 [0 0 0 0 0]
                 [0 0 0 0 0]
                 [0 0 0 0 0]
                 [0 0 0 0 0]
                 [0 0 0 0 0]
                 [0 0 0 0 0]]
             [[0 0 0 0 0]
                 [0 0 0 0 0]
                 [0 0 0 0 0]
                 [0 0 0 0 0]
                 [0 0 0 0 0]
                 [0 0 0 0 0]
                 [0 0 0 0 0]
                 [0 0 0 0 0]
                 [0 0 0 0 0]
                 [0 0 0 0 0]]
             [[0 0 0 0 0]
                 [0 0 0 0 0]
                 [0 0 0 0 0]
                 [0 0 0 0 0]
                 [0 0 0 0 0]
                 [0 0 0 0 0]
                 [0 0 0 0 0]
                 [0 0 0 0 0]
                 [0 0 0 0 0]
                 [0 0 0 0 0]]
             [[0 0 0 0 0]
                 [0 0 0 0 0]
                 [0 0 0 0 0]
                 [0 0 0 0 0]
                 [0 0 0 0 0]
                 [0 0 0 0 0]
                 [0 0 0 0 0]
                 [0 0 0 0 0]
                 [0 0 0 0 0]
                 [0 0 0 0 0]]
             [[0 0 0 0 0]
                 [0 0 0 0 0]
                 [0 0 0 0 0]
                 [0 0 0 0 0]
                 [0 0 0 0 0]
                 [0 0 0 0 0]
                 [0 0 0 0 0]
                 [0 0 0 0 0]
                 [0 0 0 0 0]
                 [0 0 0 0 0]]]
         [[[0 0 0 0 0]
                 [0 0 0 0 0]
                 [0 0 0 0 0]
                 [0 0 0 0 0]
                 [0 0 0 0 0]
                 [0 0 0 0 0]
                 [0 0 0 0 0]
                 [0 0 0 0 0]
                 [0 0 0 0 0]
                 [0 0 0 0 0]]
             [[0 0 0 0 0]
                 [0 0 0 0 0]
                 [0 0 0 0 0]
                 [0 0 0 0 0]
                 [0 0 0 0 0]
                 [0 0 0 0 0]
                 [0 0 0 0 0]
                 [0 0 0 0 0]
                 [0 0 0 0 0]
                 [0 0 0 0 0]]
             [[0 0 0 0 0]
                 [0 0 0 0 0]
                 [0 0 0 0 0]
                 [0 0 0 0 0]
                 [0 0 0 0 0]
                 [0 0 0 0 0]
                 [0 0 0 0 0]
                 [0 0 0 0 0]
                 [0 0 0 0 0]
                 [0 0 0 0 0]]
             [[0 0 0 0 0]
                 [0 0 0 0 0]
                 [0 0 0 0 0]
                 [0 0 0 0 0]
                 [0 0 0 0 0]
                 [0 0 0 0 0]
                 [0 0 0 0 0]
                 [0 0 0 0 0]
                 [0 0 0 0 0]
                 [0 0 0 0 0]]
             [[0 0 0 0 0]
                 [0 0 0 0 0]
                 [0 0 0 0 0]
                 [0 0 0 0 0]
                 [0 0 0 0 0]
                 [0 0 0 0 0]
                 [0 0 0 0 0]
                 [0 0 0 0 0]
                 [0 0 0 0 0]
                 [0 0 0 0 0]]
             [[0 0 0 0 0]
                 [0 0 0 0 0]
                 [0 0 0 0 0]
                 [0 0 0 0 0]
                 [0 0 0 0 0]
                 [0 0 0 0 0]
                 [0 0 0 0 0]
                 [0 0 0 0 0]
                 [0 0 0 0 0]
                 [0 0 0 0 0]]
             [[0 0 0 0 0]
                 [0 0 0 0 0]
                 [0 0 0 0 0]
                 [0 0 0 0 0]
                 [0 0 0 0 0]
                 [0 0 0 0 0]
                 [0 0 0 0 0]
                 [0 0 0 0 0]
                 [0 0 0 0 0]
                 [0 0 0 0 0]]
             [[0 0 0 0 0]
                 [0 0 0 0 0]
                 [0 0 0 0 0]
                 [0 0 0 0 0]
                 [0 0 0 0 0]
                 [1 0 0 0 0]
                 [0 0 0 0 0]
                 [0 0 0 0 0]
                 [0 0 0 0 0]
                 [0 0 0 0 0]]
             [[0 0 0 0 0]
                 [0 0 0 0 0]
                 [0 0 0 0 0]
                 [0 0 0 0 0]
                 [0 0 0 0 0]
                 [0 0 0 0 0]
                 [0 0 0 0 0]
                 [0 0 0 0 0]
                 [0 0 0 0 0]
                 [0 0 0 0 0]]
             [[0 0 0 0 0]
                 [0 0 0 0 0]
                 [0 0 0 0 0]
                 [0 0 0 0 0]
                 [0 0 0 0 0]
                 [0 0 0 0 0]
                 [0 0 0 0 0]
                 [0 0 0 0 0]
                 [0 0 0 0 0]
                 [0 0 0 0 0]]
             [[0 0 0 0 0]
                 [0 0 0 0 0]
                 [0 0 0 0 0]
                 [0 0 0 0 0]
                 [0 0 0 0 0]
                 [0 0 0 0 0]
                 [0 0 0 0 0]
                 [0 0 0 0 0]
                 [0 0 0 0 0]
                 [0 0 0 0 0]]
             [[0 0 0 0 0]
                 [0 0 0 0 0]
                 [0 0 0 0 0]
                 [0 0 0 0 0]
                 [0 0 0 0 0]
                 [0 0 0 0 0]
                 [0 0 0 0 0]
                 [0 0 0 0 0]
                 [0 0 0 0 0]
                 [0 0 0 0 0]]]
         [[[0 0 0 0 0]
                 [0 0 0 0 0]
                 [0 0 0 0 0]
                 [0 0 0 0 0]
                 [0 0 0 0 0]
                 [1 0 0 0 0]
                 [0 0 0 0 0]
                 [0 0 0 0 0]
                 [0 0 0 0 0]
                 [0 0 0 0 0]]
             [[0 0 0 0 0]
                 [0 0 0 0 0]
                 [0 0 0 0 0]
                 [0 0 0 0 0]
                 [0 0 0 0 0]
                 [0 0 0 0 0]
                 [0 0 0 0 0]
                 [0 0 0 0 0]
                 [0 0 0 0 0]
                 [0 0 0 0 0]]
             [[0 0 0 0 0]
                 [0 0 0 0 0]
                 [0 0 0 0 0]
                 [0 0 0 0 0]
                 [0 0 0 0 0]
                 [0 0 0 0 0]
                 [0 0 0 0 0]
                 [0 0 0 0 0]
                 [0 0 0 0 0]
                 [0 0 0 0 0]]
             [[0 0 0 0 0]
                 [0 0 0 0 0]
                 [0 0 0 0 0]
                 [0 0 0 0 0]
                 [0 0 0 0 0]
                 [0 0 0 0 0]
                 [0 0 0 0 0]
                 [0 0 0 0 0]
                 [0 0 0 0 0]
                 [0 0 0 0 0]]
             [[0 0 0 0 0]
                 [0 0 0 0 0]
                 [0 0 0 0 0]
                 [0 0 0 0 0]
                 [0 0 0 0 0]
                 [0 0 0 0 0]
                 [0 0 0 0 0]
                 [0 0 0 0 0]
                 [0 0 0 0 0]
                 [0 0 0 0 0]]
             [[0 0 0 0 0]
                 [0 0 0 0 0]
                 [0 0 0 0 0]
                 [0 0 0 0 0]
                 [0 0 0 0 0]
                 [0 0 0 0 0]
                 [0 0 0 0 0]
                 [0 0 0 0 0]
                 [0 0 0 0 0]
                 [0 0 0 0 0]]
             [[0 0 0 0 0]
                 [0 0 0 0 0]
                 [0 0 0 0 0]
                 [0 0 0 0 0]
                 [0 0 0 0 0]
                 [0 0 0 0 0]
                 [0 0 0 0 0]
                 [0 0 0 0 0]
                 [0 0 0 0 0]
                 [0 0 0 0 0]]
             [[0 0 0 0 0]
                 [0 0 0 0 0]
                 [0 0 0 0 0]
                 [0 0 0 0 0]
                 [0 0 0 0 0]
                 [0 0 0 0 0]
                 [0 0 0 0 0]
                 [0 0 0 0 0]
                 [0 0 0 0 0]
                 [0 0 0 0 0]]
             [[0 0 0 0 0]
                 [0 0 0 0 0]
                 [0 0 0 0 0]
                 [0 0 0 0 0]
                 [0 0 0 0 0]
                 [0 0 0 0 0]
                 [0 0 0 0 0]
                 [0 0 0 0 0]
                 [0 0 0 0 0]
                 [0 0 0 0 0]]
             [[0 0 0 0 0]
                 [0 0 0 0 0]
                 [0 0 0 0 0]
                 [0 0 0 0 0]
                 [0 0 0 0 0]
                 [0 0 0 0 0]
                 [0 0 0 0 0]
                 [0 0 0 0 0]
                 [0 0 0 0 0]
                 [0 0 0 0 0]]
             [[0 0 0 0 0]
                 [0 0 0 0 0]
                 [0 0 0 0 0]
                 [0 0 0 0 0]
                 [0 0 0 0 0]
                 [0 0 0 0 0]
                 [0 0 0 0 0]
                 [0 0 0 0 0]
                 [0 0 0 0 0]
                 [0 0 0 0 0]]
             [[0 0 0 0 0]
                 [0 0 0 0 0]
                 [0 0 0 0 0]
                 [0 0 0 0 0]
                 [0 0 0 0 0]
                 [0 0 0 0 0]
                 [0 0 0 0 0]
                 [0 0 0 0 0]
                 [0 0 0 0 0]
                 [0 0 0 0 0]]]
         [[[0 0 0 0 0]
                 [1 0 0 0 0]
                 [0 0 0 0 0]
                 [0 0 0 0 0]
                 [0 0 0 0 0]
                 [0 0 0 0 0]
                 [0 0 0 0 0]
                 [0 0 0 0 0]
                 [0 0 0 0 0]
                 [0 0 0 0 0]]
             [[0 0 0 0 0]
                 [0 0 0 0 0]
                 [0 0 0 0 0]
                 [0 0 0 0 0]
                 [0 0 0 0 0]
                 [0 0 0 0 0]
                 [0 0 0 0 0]
                 [0 0 0 0 0]
                 [0 0 0 0 0]
                 [0 0 0 0 0]]
             [[0 0 0 0 0]
                 [0 0 0 0 0]
                 [0 0 0 0 0]
                 [0 0 0 0 0]
                 [0 0 0 0 0]
                 [0 0 0 0 0]
                 [0 0 0 0 0]
                 [0 0 0 0 0]
                 [0 0 0 0 0]
                 [0 0 0 0 0]]
             [[0 0 0 0 0]
                 [0 0 0 0 0]
                 [0 0 0 0 0]
                 [0 0 0 0 0]
                 [0 0 0 0 0]
                 [0 0 0 0 0]
                 [0 0 0 0 0]
                 [0 0 0 0 0]
                 [0 0 0 0 0]
                 [0 0 0 0 0]]
             [[0 0 0 0 0]
                 [0 0 0 0 0]
                 [0 0 0 0 0]
                 [0 0 0 0 0]
                 [0 0 0 0 0]
                 [0 0 0 0 0]
                 [0 0 0 0 0]
                 [0 0 0 0 0]
                 [0 0 0 0 0]
                 [0 0 0 0 0]]
             [[0 0 0 0 0]
                 [0 0 0 0 0]
                 [0 0 0 0 0]
                 [0 0 0 0 0]
                 [0 0 0 0 0]
                 [0 0 0 0 0]
                 [0 0 0 0 0]
                 [0 0 0 0 0]
                 [0 0 0 0 0]
                 [0 0 0 0 0]]
             [[0 0 0 0 0]
                 [0 0 0 0 0]
                 [0 0 0 0 0]
                 [0 0 0 0 0]
                 [0 0 0 0 0]
                 [0 0 0 0 0]
                 [0 0 0 0 0]
                 [0 0 0 0 0]
                 [0 0 0 0 0]
                 [0 0 0 0 0]]
             [[0 0 0 0 0]
                 [0 0 0 0 0]
                 [0 0 0 0 0]
                 [0 0 0 0 0]
                 [0 0 0 0 0]
                 [0 0 0 0 0]
                 [0 0 0 0 0]
                 [0 0 0 0 0]
                 [0 0 0 0 0]
                 [0 0 0 0 0]]
             [[0 0 0 0 0]
                 [0 0 0 0 0]
                 [0 0 0 0 0]
                 [0 0 0 0 0]
                 [0 0 0 0 0]
                 [0 0 0 0 0]
                 [0 0 0 0 0]
                 [0 0 0 0 0]
                 [0 0 0 0 0]
                 [0 0 0 0 0]]
             [[0 0 0 0 0]
                 [0 0 0 0 0]
                 [0 0 0 0 0]
                 [0 0 0 0 0]
                 [0 0 0 0 0]
                 [0 0 0 0 0]
                 [0 0 0 0 0]
                 [0 0 0 0 0]
                 [0 0 0 0 0]
                 [0 0 0 0 0]]
             [[0 0 0 0 0]
                 [0 0 0 0 0]
                 [0 0 0 0 0]
                 [0 0 0 0 0]
                 [0 0 0 0 0]
                 [0 0 0 0 0]
                 [0 0 0 0 0]
                 [0 0 0 0 0]
                 [0 0 0 0 0]
                 [0 0 0 0 0]]
             [[0 0 0 0 0]
                 [0 0 0 0 0]
                 [0 0 0 0 0]
                 [0 0 0 0 0]
                 [0 0 0 0 0]
                 [0 0 0 0 0]
                 [0 0 0 0 0]
                 [0 0 0 0 0]
                 [0 0 0 0 0]
                 [0 0 0 0 0]]]
         [[[0 0 0 0 0]
                 [0 0 0 0 0]
                 [0 0 0 0 0]
                 [1 0 0 0 0]
                 [0 0 0 0 0]
                 [0 0 0 0 0]
                 [0 0 0 0 0]
                 [0 0 0 0 0]
                 [0 0 0 0 0]
                 [0 0 0 0 0]]
             [[0 0 0 0 0]
                 [0 0 0 0 0]
                 [0 0 0 0 0]
                 [0 0 0 0 0]
                 [0 0 0 0 0]
                 [0 0 0 0 0]
                 [0 0 0 0 0]
                 [0 0 0 0 0]
                 [0 0 0 0 0]
                 [0 0 0 0 0]]
             [[0 0 0 0 0]
                 [0 0 0 0 0]
                 [0 0 0 0 0]
                 [0 0 0 0 0]
                 [0 0 0 0 0]
                 [0 0 0 0 0]
                 [0 0 0 0 0]
                 [0 0 0 0 0]
                 [0 0 0 0 0]
                 [0 0 0 0 0]]
             [[0 0 0 0 0]
                 [0 0 0 0 0]
                 [0 0 0 0 0]
                 [0 0 0 0 0]
                 [0 0 0 0 0]
                 [0 0 0 0 0]
                 [0 0 0 0 0]
                 [0 0 0 0 0]
                 [0 0 0 0 0]
                 [0 0 0 0 0]]
             [[0 0 0 0 0]
                 [0 0 0 0 0]
                 [0 0 0 0 0]
                 [0 0 0 0 0]
                 [0 0 0 0 0]
                 [0 0 0 0 0]
                 [0 0 0 0 0]
                 [0 0 0 0 0]
                 [0 0 0 0 0]
                 [0 0 0 0 0]]
             [[0 0 0 0 0]
                 [0 0 0 0 0]
                 [0 0 0 0 0]
                 [0 0 0 0 0]
                 [0 0 0 0 0]
                 [0 0 0 0 0]
                 [0 0 0 0 0]
                 [0 0 0 0 0]
                 [0 0 0 0 0]
                 [0 0 0 0 0]]
             [[0 0 0 0 0]
                 [0 0 0 0 0]
                 [0 0 0 0 0]
                 [0 0 0 0 0]
                 [0 0 0 0 0]
                 [0 0 0 0 0]
                 [0 0 0 0 0]
                 [0 0 0 0 0]
                 [0 0 0 0 0]
                 [0 0 0 0 0]]
             [[0 0 0 0 0]
                 [0 0 0 0 0]
                 [0 0 0 0 0]
                 [0 0 0 0 0]
                 [0 0 0 0 0]
                 [0 0 0 0 0]
                 [0 0 0 0 0]
                 [0 0 0 0 0]
                 [0 0 0 0 0]
                 [0 0 0 0 0]]
             [[0 0 0 0 0]
                 [0 0 0 0 0]
                 [0 0 0 0 0]
                 [0 0 0 0 0]
                 [0 0 0 0 0]
                 [0 0 0 0 0]
                 [0 0 0 0 0]
                 [0 0 0 0 0]
                 [0 0 0 0 0]
                 [0 0 0 0 0]]
             [[0 0 0 0 0]
                 [0 0 0 0 0]
                 [0 0 0 0 0]
                 [0 0 0 0 0]
                 [0 0 0 0 0]
                 [0 0 0 0 0]
                 [0 0 0 0 0]
                 [0 0 0 0 0]
                 [0 0 0 0 0]
                 [0 0 0 0 0]]
             [[0 0 0 0 0]
                 [0 0 0 0 0]
                 [0 0 0 0 0]
                 [0 0 0 0 0]
                 [0 0 0 0 0]
                 [0 0 0 0 0]
                 [0 0 0 0 0]
                 [0 0 0 0 0]
                 [0 0 0 0 0]
                 [0 0 0 0 0]]
             [[0 0 0 0 0]
                 [0 0 0 0 0]
                 [0 0 0 0 0]
                 [0 0 0 0 0]
                 [0 0 0 0 0]
                 [0 0 0 0 0]
                 [0 0 0 0 0]
                 [0 0 0 0 0]
                 [0 0 0 0 0]
                 [0 0 0 0 0]]]
         [[[0 0 0 0 0]
                 [0 0 0 0 0]
                 [0 0 0 0 0]
                 [0 0 0 0 0]
                 [0 0 0 0 0]
                 [0 0 0 0 0]
                 [0 0 0 0 0]
                 [0 0 0 0 0]
                 [0 0 0 0 0]
                 [0 0 0 0 0]]
             [[0 0 0 0 0]
                 [0 0 0 0 0]
                 [0 0 0 0 0]
                 [0 0 0 0 0]
                 [0 0 0 0 0]
                 [0 0 0 0 0]
                 [0 0 0 0 0]
                 [0 0 0 0 0]
                 [0 0 0 0 0]
                 [0 0 0 0 0]]
             [[0 0 0 0 0]
                 [0 0 0 0 0]
                 [0 0 0 0 0]
                 [0 0 0 0 0]
                 [0 0 0 0 0]
                 [0 0 0 0 0]
                 [0 0 0 0 0]
                 [0 0 0 0 0]
                 [0 0 0 0 0]
                 [0 0 0 0 0]]
             [[0 0 0 0 0]
                 [0 0 0 0 0]
                 [0 0 0 0 0]
                 [0 0 0 0 0]
                 [0 0 0 0 0]
                 [0 0 0 0 0]
                 [0 0 0 0 0]
                 [0 0 0 0 0]
                 [0 0 0 0 0]
                 [0 0 0 0 0]]
             [[0 0 0 0 0]
                 [0 0 0 0 0]
                 [0 0 0 0 0]
                 [0 0 0 0 0]
                 [0 0 0 0 0]
                 [0 0 0 0 0]
                 [0 0 0 0 0]
                 [0 0 0 0 0]
                 [0 0 0 0 0]
                 [0 0 0 0 0]]
             [[0 0 0 0 0]
                 [0 0 0 0 0]
                 [1 0 0 0 0]
                 [0 0 0 0 0]
                 [0 0 0 0 0]
                 [0 0 0 0 0]
                 [0 0 0 0 0]
                 [0 0 0 0 0]
                 [0 0 0 0 0]
                 [0 0 0 0 0]]
             [[0 0 0 0 0]
                 [0 0 0 0 0]
                 [0 0 0 0 0]
                 [0 0 0 0 0]
                 [0 0 0 0 0]
                 [0 0 0 0 0]
                 [0 0 0 0 0]
                 [0 0 0 0 0]
                 [0 0 0 0 0]
                 [0 0 0 0 0]]
             [[0 0 0 0 0]
                 [0 0 0 0 0]
                 [0 0 0 0 0]
                 [0 0 0 0 0]
                 [0 0 0 0 0]
                 [0 0 0 0 0]
                 [0 0 0 0 0]
                 [0 0 0 0 0]
                 [0 0 0 0 0]
                 [0 0 0 0 0]]
             [[0 0 0 0 0]
                 [0 0 0 0 0]
                 [0 0 0 0 0]
                 [0 0 0 0 0]
                 [0 0 0 0 0]
                 [0 0 0 0 0]
                 [0 0 0 0 0]
                 [0 0 0 0 0]
                 [0 0 0 0 0]
                 [0 0 0 0 0]]
             [[0 0 0 0 0]
                 [0 0 0 0 0]
                 [0 0 0 0 0]
                 [0 0 0 0 0]
                 [0 0 0 0 0]
                 [0 0 0 0 0]
                 [0 0 0 0 0]
                 [0 0 0 0 0]
                 [0 0 0 0 0]
                 [0 0 0 0 0]]
             [[0 0 0 0 0]
                 [0 0 0 0 0]
                 [0 0 0 0 0]
                 [0 0 0 0 0]
                 [0 0 0 0 0]
                 [0 0 0 0 0]
                 [0 0 0 0 0]
                 [0 0 0 0 0]
                 [0 0 0 0 0]
                 [0 0 0 0 0]]
             [[0 0 0 0 0]
                 [0 0 0 0 0]
                 [0 0 0 0 0]
                 [0 0 0 0 0]
                 [0 0 0 0 0]
                 [0 0 0 0 0]
                 [0 0 0 0 0]
                 [0 0 0 0 0]
                 [0 0 0 0 0]
                 [0 0 0 0 0]]]
         [[[0 0 0 0 0]
                 [0 0 0 0 0]
                 [0 0 0 0 0]
                 [0 0 0 0 0]
                 [0 0 0 0 0]
                 [0 0 0 0 0]
                 [0 0 0 0 0]
                 [0 0 0 0 0]
                 [0 0 0 0 0]
                 [0 0 0 0 0]]
             [[0 0 0 0 0]
                 [0 0 0 0 0]
                 [0 0 0 0 0]
                 [0 0 0 0 0]
                 [0 0 0 0 0]
                 [0 0 0 0 0]
                 [0 0 0 0 0]
                 [0 0 0 0 0]
                 [0 0 0 0 0]
                 [0 0 0 0 0]]
             [[0 0 0 0 0]
                 [0 0 0 0 0]
                 [0 0 0 0 0]
                 [0 0 0 0 0]
                 [0 0 0 0 0]
                 [0 0 0 0 0]
                 [0 0 0 0 0]
                 [0 0 0 0 0]
                 [0 0 0 0 0]
                 [0 0 0 0 0]]
             [[0 0 0 0 0]
                 [0 0 0 0 0]
                 [0 0 0 0 0]
                 [0 0 0 0 0]
                 [0 0 0 0 0]
                 [0 0 0 0 0]
                 [0 0 0 0 0]
                 [0 0 0 0 0]
                 [0 0 0 0 0]
                 [0 0 0 0 0]]
             [[0 0 0 0 0]
                 [0 0 0 0 0]
                 [0 0 0 0 0]
                 [0 0 0 0 0]
                 [0 0 0 0 0]
                 [0 0 0 0 0]
                 [0 0 0 0 0]
                 [0 0 0 0 0]
                 [0 0 0 0 0]
                 [0 0 0 0 0]]
             [[0 0 0 0 0]
                 [0 0 0 0 0]
                 [0 0 0 0 0]
                 [0 0 0 0 0]
                 [0 0 0 0 0]
                 [0 0 0 0 0]
                 [0 0 0 0 0]
                 [0 0 0 0 0]
                 [0 0 0 0 0]
                 [0 0 0 0 0]]
             [[0 0 0 0 0]
                 [0 0 0 0 0]
                 [0 0 0 0 0]
                 [0 0 0 0 0]
                 [0 0 0 0 0]
                 [0 0 0 0 0]
                 [0 0 0 0 0]
                 [0 0 0 0 0]
                 [0 0 0 0 0]
                 [0 0 0 0 0]]
             [[0 0 0 0 0]
                 [0 0 0 0 0]
                 [0 0 0 0 0]
                 [0 0 0 0 0]
                 [0 0 0 0 0]
                 [0 0 0 0 0]
                 [0 0 0 0 0]
                 [0 0 0 0 0]
                 [0 0 0 0 0]
                 [0 0 0 0 0]]
             [[0 0 0 0 0]
                 [0 0 0 0 0]
                 [0 0 0 0 0]
                 [0 0 0 0 0]
                 [0 0 0 0 0]
                 [0 0 0 0 0]
                 [0 0 0 0 0]
                 [0 0 0 0 0]
                 [0 0 0 0 0]
                 [0 0 0 0 0]]
             [[0 0 0 0 0]
                 [0 0 0 0 0]
                 [0 0 0 0 0]
                 [0 0 0 0 0]
                 [0 0 0 0 0]
                 [0 0 0 0 0]
                 [0 0 0 0 0]
                 [0 0 0 0 0]
                 [0 0 0 0 0]
                 [0 0 0 0 0]]
             [[0 0 0 0 0]
                 [0 0 0 0 0]
                 [0 0 0 0 0]
                 [0 0 0 0 0]
                 [0 0 0 0 0]
                 [0 0 0 0 0]
                 [0 0 0 0 0]
                 [0 0 0 0 0]
                 [0 0 0 0 0]
                 [0 0 0 0 0]]
             [[0 0 0 0 0]
                 [0 0 0 0 0]
                 [0 0 0 0 0]
                 [0 0 0 0 0]
                 [0 0 0 0 0]
                 [0 0 0 0 0]
                 [0 0 0 0 0]
                 [0 0 0 0 0]
                 [0 0 0 0 0]
                 [0 0 0 0 0]]]]

 [1 1 1 1 1 1 1 0 0 0]

 [[-9007199254740991 0 0 0 0 0 0 0 0 0 0]
         [0 -9007199254740991 0 0 0 0 0 0 0 0 0]
         [0 0 -9007199254740991 0 0 0 0 0 45 0 0]
         [0 0 0 -9007199254740991 0 0 0 0 0 0 0]
         [0 0 0 0 -9007199254740991 0 0 0 0 0 0]
         [0 0 0 0 0 -9007199254740991 0 0 0 0 0]
         [0 0 0 0 0 0 -9007199254740991 30 0 0 0]
         [0 0 0 0 0 0 0 -9007199254740991 0 0 0]
         [0 0 0 0 0 0 0 0 -9007199254740991 0 0]
         [0 0 0 0 0 0 0 0 0 -9007199254740991 0]
         [0 0 0 0 0 35 0 0 0 0 -9007199254740991]]
The total number of e-buses dispatched: 7
BusID 1: 0 -> 4 @ 1 IDLE:0 -> 0 @ 1 IDLE:0
BusID 2: 0 -> 2 @ 1 IDLE:0 -> 8 @ 1 IDLE:45 -> 0 @ 1 IDLE:0
BusID 3: 0 -> 10 @ 1 IDLE:0 -> 5 @ 1 IDLE:35 -> 0 @ 1 IDLE:0
BusID 4: 0 -> 9 @ 1 IDLE:0 -> 0 @ 1 IDLE:0
BusID 5: 0 -> 1 @ 1 IDLE:0 -> 0 @ 1 IDLE:0
BusID 6: 0 -> 6 @ 1 IDLE:0 -> 7 @ 1 IDLE:30 -> 0 @ 1 IDLE:0
BusID 7: 0 -> 3 @ 1 IDLE:0 -> 0 @ 1 IDLE:0
