Version identifier: 22.1.1.0 | 2022-11-27 | 9160aff4d
CPXPARAM_Conflict_Algorithm                      6
CPXPARAM_OptimalityTarget                        1
CPXPARAM_MultiObjective_Display                  2
CPXPARAM_Emphasis_MIP                            5
CPXPARAM_MIP_Pool_Intensity                      4
CPXPARAM_MIP_Limits_Populate                     50
CPXPARAM_MIP_Strategy_Search                     1
CPXPARAM_TimeLimit                               1000
CPXPARAM_DetTimeLimit                            500000
CPXPARAM_MIP_Strategy_HeuristicEffort            3
Legacy callback                                  pi
Tried aggregator 1 time.
MIP Presolve eliminated 19119 rows and 3540 columns.
MIP Presolve modified 1420 coefficients.
Reduced MIP has 2991 rows, 3230 columns, and 39640 nonzeros.
Reduced MIP has 3120 binaries, 110 generals, 0 SOSs, and 0 indicators.
Presolve time = 0.12 sec. (115.64 ticks)
Found incumbent of value 905.000000 after 0.33 sec. (277.77 ticks)
Probing fixed 2062 vars, tightened 0 bounds.
Probing time = 0.09 sec. (45.64 ticks)
Cover probing fixed 0 vars, tightened 2 bounds.
Tried aggregator 2 times.
MIP Presolve eliminated 1865 rows and 2121 columns.
MIP Presolve modified 136 coefficients.
Aggregator did 42 substitutions.
Reduced MIP has 1073 rows, 1067 columns, and 8974 nonzeros.
Reduced MIP has 957 binaries, 110 generals, 0 SOSs, and 0 indicators.
Presolve time = 0.02 sec. (14.82 ticks)
Probing fixed 75 vars, tightened 0 bounds.
Probing time = 0.03 sec. (23.37 ticks)
Tried aggregator 2 times.
MIP Presolve eliminated 137 rows and 78 columns.
MIP Presolve modified 10 coefficients.
Aggregator did 1 substitutions.
Reduced MIP has 935 rows, 988 columns, and 8110 nonzeros.
Reduced MIP has 878 binaries, 110 generals, 0 SOSs, and 0 indicators.
Presolve time = 0.02 sec. (13.03 ticks)
Probing time = 0.00 sec. (3.70 ticks)
Clique table members: 6573.
MIP emphasis: heuristic.
MIP search method: traditional branch-and-cut.
Parallel mode: deterministic, using up to 12 threads.
Root relaxation solution time = 0.02 sec. (25.61 ticks)

        Nodes                                         Cuts/
   Node  Left     Objective  IInf  Best Integer    Best Bound    ItCnt     Gap         Variable B NodeID Parent  Depth

*     0+    0                          905.0000        0.0000           100.00%
      0     0        0.0000    52      905.0000        0.0000      587  100.00%
*     0+   -1                            0.0000        0.0000             0.00%

Root node processing (before b&c):
  Real time             =    0.56 sec. (421.24 ticks)
Parallel b&c, 12 threads:
  Real time             =    0.00 sec. (0.00 ticks)
  Sync time (average)   =    0.00 sec.
  Wait time (average)   =    0.00 sec.
                          ------------
Total (root+branch&cut) =    0.56 sec. (421.24 ticks)

Solving CPU Elapsed Time in (Seconds): 10179.703
The value of the objective function is (Total Cost): 0

 [[[[0 0 0 0 0]
                 [0 0 0 0 0]
                 [0 0 0 0 0]
                 [0 0 0 0 0]
                 [0 0 0 0 0]
                 [0 0 0 0 0]
                 [0 0 0 0 0]
                 [0 0 0 0 0]
                 [0 0 0 0 0]
                 [0 0 0 0 0]]
             [[0 0 0 0 0]
                 [0 0 0 0 0]
                 [0 0 0 0 0]
                 [0 0 0 0 0]
                 [0 0 0 0 0]
                 [0 0 0 0 0]
                 [1 0 0 0 0]
                 [0 0 0 0 0]
                 [0 0 0 0 0]
                 [0 0 0 0 0]]
             [[0 0 0 0 0]
                 [0 0 0 0 0]
                 [0 0 0 0 0]
                 [0 0 0 0 0]
                 [1 0 0 0 0]
                 [0 0 0 0 0]
                 [0 0 0 0 0]
                 [0 0 0 0 0]
                 [0 0 0 0 0]
                 [0 0 0 0 0]]
             [[0 0 0 0 0]
                 [0 0 0 0 0]
                 [0 0 0 0 0]
                 [0 0 0 0 0]
                 [0 0 0 0 0]
                 [0 0 0 0 0]
                 [0 0 0 0 0]
                 [0 0 0 0 0]
                 [1 0 0 0 0]
                 [0 0 0 0 0]]
             [[0 0 0 0 0]
                 [0 0 0 0 0]
                 [1 0 0 0 0]
                 [0 0 0 0 0]
                 [0 0 0 0 0]
                 [0 0 0 0 0]
                 [0 0 0 0 0]
                 [0 0 0 0 0]
                 [0 0 0 0 0]
                 [0 0 0 0 0]]
             [[0 0 0 0 0]
                 [0 0 0 0 0]
                 [0 0 0 0 0]
                 [0 0 0 0 0]
                 [0 0 0 0 0]
                 [0 0 0 0 0]
                 [0 0 0 0 0]
                 [0 0 0 0 0]
                 [0 0 0 0 0]
                 [1 0 0 0 0]]
             [[0 0 0 0 0]
                 [0 0 0 0 0]
                 [0 0 0 0 0]
                 [0 0 0 0 0]
                 [0 0 0 0 0]
                 [1 0 0 0 0]
                 [0 0 0 0 0]
                 [0 0 0 0 0]
                 [0 0 0 0 0]
                 [0 0 0 0 0]]
             [[0 0 0 0 0]
                 [0 0 0 0 0]
                 [0 0 0 0 0]
                 [1 0 0 0 0]
                 [0 0 0 0 0]
                 [0 0 0 0 0]
                 [0 0 0 0 0]
                 [0 0 0 0 0]
                 [0 0 0 0 0]
                 [0 0 0 0 0]]
             [[0 0 0 0 0]
                 [0 0 0 0 0]
                 [0 0 0 0 0]
                 [0 0 0 0 0]
                 [0 0 0 0 0]
                 [0 0 0 0 0]
                 [0 0 0 0 0]
                 [1 0 0 0 0]
                 [0 0 0 0 0]
                 [0 0 0 0 0]]
             [[1 0 0 0 0]
                 [0 0 0 0 0]
                 [0 0 0 0 0]
                 [0 0 0 0 0]
                 [0 0 0 0 0]
                 [0 0 0 0 0]
                 [0 0 0 0 0]
                 [0 0 0 0 0]
                 [0 0 0 0 0]
                 [0 0 0 0 0]]
             [[0 0 0 0 0]
                 [1 0 0 0 0]
                 [0 0 0 0 0]
                 [0 0 0 0 0]
                 [0 0 0 0 0]
                 [0 0 0 0 0]
                 [0 0 0 0 0]
                 [0 0 0 0 0]
                 [0 0 0 0 0]
                 [0 0 0 0 0]]
             [[0 0 0 0 0]
                 [0 0 0 0 0]
                 [0 0 0 0 0]
                 [0 0 0 0 0]
                 [0 0 0 0 0]
                 [0 0 0 0 0]
                 [0 0 0 0 0]
                 [0 0 0 0 0]
                 [0 0 0 0 0]
                 [0 0 0 0 0]]]
         [[[0 0 0 0 0]
                 [0 0 0 0 0]
                 [0 0 0 0 0]
                 [0 0 0 0 0]
                 [0 0 0 0 0]
                 [0 0 0 0 0]
                 [1 0 0 0 0]
                 [0 0 0 0 0]
                 [0 0 0 0 0]
                 [0 0 0 0 0]]
             [[0 0 0 0 0]
                 [0 0 0 0 0]
                 [0 0 0 0 0]
                 [0 0 0 0 0]
                 [0 0 0 0 0]
                 [0 0 0 0 0]
                 [0 0 0 0 0]
                 [0 0 0 0 0]
                 [0 0 0 0 0]
                 [0 0 0 0 0]]
             [[0 0 0 0 0]
                 [0 0 0 0 0]
                 [0 0 0 0 0]
                 [0 0 0 0 0]
                 [0 0 0 0 0]
                 [0 0 0 0 0]
                 [0 0 0 0 0]
                 [0 0 0 0 0]
                 [0 0 0 0 0]
                 [0 0 0 0 0]]
             [[0 0 0 0 0]
                 [0 0 0 0 0]
                 [0 0 0 0 0]
                 [0 0 0 0 0]
                 [0 0 0 0 0]
                 [0 0 0 0 0]
                 [0 0 0 0 0]
                 [0 0 0 0 0]
                 [0 0 0 0 0]
                 [0 0 0 0 0]]
             [[0 0 0 0 0]
                 [0 0 0 0 0]
                 [0 0 0 0 0]
                 [0 0 0 0 0]
                 [0 0 0 0 0]
                 [0 0 0 0 0]
                 [0 0 0 0 0]
                 [0 0 0 0 0]
                 [0 0 0 0 0]
                 [0 0 0 0 0]]
             [[0 0 0 0 0]
                 [0 0 0 0 0]
                 [0 0 0 0 0]
                 [0 0 0 0 0]
                 [0 0 0 0 0]
                 [0 0 0 0 0]
                 [0 0 0 0 0]
                 [0 0 0 0 0]
                 [0 0 0 0 0]
                 [0 0 0 0 0]]
             [[0 0 0 0 0]
                 [0 0 0 0 0]
                 [0 0 0 0 0]
                 [0 0 0 0 0]
                 [0 0 0 0 0]
                 [0 0 0 0 0]
                 [0 0 0 0 0]
                 [0 0 0 0 0]
                 [0 0 0 0 0]
                 [0 0 0 0 0]]
             [[0 0 0 0 0]
                 [0 0 0 0 0]
                 [0 0 0 0 0]
                 [0 0 0 0 0]
                 [0 0 0 0 0]
                 [0 0 0 0 0]
                 [0 0 0 0 0]
                 [0 0 0 0 0]
                 [0 0 0 0 0]
                 [0 0 0 0 0]]
             [[0 0 0 0 0]
                 [0 0 0 0 0]
                 [0 0 0 0 0]
                 [0 0 0 0 0]
                 [0 0 0 0 0]
                 [0 0 0 0 0]
                 [0 0 0 0 0]
                 [0 0 0 0 0]
                 [0 0 0 0 0]
                 [0 0 0 0 0]]
             [[0 0 0 0 0]
                 [0 0 0 0 0]
                 [0 0 0 0 0]
                 [0 0 0 0 0]
                 [0 0 0 0 0]
                 [0 0 0 0 0]
                 [0 0 0 0 0]
                 [0 0 0 0 0]
                 [0 0 0 0 0]
                 [0 0 0 0 0]]
             [[0 0 0 0 0]
                 [0 0 0 0 0]
                 [0 0 0 0 0]
                 [0 0 0 0 0]
                 [0 0 0 0 0]
                 [0 0 0 0 0]
                 [0 0 0 0 0]
                 [0 0 0 0 0]
                 [0 0 0 0 0]
                 [0 0 0 0 0]]
             [[0 0 0 0 0]
                 [0 0 0 0 0]
                 [0 0 0 0 0]
                 [0 0 0 0 0]
                 [0 0 0 0 0]
                 [0 0 0 0 0]
                 [0 0 0 0 0]
                 [0 0 0 0 0]
                 [0 0 0 0 0]
                 [0 0 0 0 0]]]
         [[[0 0 0 0 0]
                 [0 0 0 0 0]
                 [0 0 0 0 0]
                 [0 0 0 0 0]
                 [1 0 0 0 0]
                 [0 0 0 0 0]
                 [0 0 0 0 0]
                 [0 0 0 0 0]
                 [0 0 0 0 0]
                 [0 0 0 0 0]]
             [[0 0 0 0 0]
                 [0 0 0 0 0]
                 [0 0 0 0 0]
                 [0 0 0 0 0]
                 [0 0 0 0 0]
                 [0 0 0 0 0]
                 [0 0 0 0 0]
                 [0 0 0 0 0]
                 [0 0 0 0 0]
                 [0 0 0 0 0]]
             [[0 0 0 0 0]
                 [0 0 0 0 0]
                 [0 0 0 0 0]
                 [0 0 0 0 0]
                 [0 0 0 0 0]
                 [0 0 0 0 0]
                 [0 0 0 0 0]
                 [0 0 0 0 0]
                 [0 0 0 0 0]
                 [0 0 0 0 0]]
             [[0 0 0 0 0]
                 [0 0 0 0 0]
                 [0 0 0 0 0]
                 [0 0 0 0 0]
                 [0 0 0 0 0]
                 [0 0 0 0 0]
                 [0 0 0 0 0]
                 [0 0 0 0 0]
                 [0 0 0 0 0]
                 [0 0 0 0 0]]
             [[0 0 0 0 0]
                 [0 0 0 0 0]
                 [0 0 0 0 0]
                 [0 0 0 0 0]
                 [0 0 0 0 0]
                 [0 0 0 0 0]
                 [0 0 0 0 0]
                 [0 0 0 0 0]
                 [0 0 0 0 0]
                 [0 0 0 0 0]]
             [[0 0 0 0 0]
                 [0 0 0 0 0]
                 [0 0 0 0 0]
                 [0 0 0 0 0]
                 [0 0 0 0 0]
                 [0 0 0 0 0]
                 [0 0 0 0 0]
                 [0 0 0 0 0]
                 [0 0 0 0 0]
                 [0 0 0 0 0]]
             [[0 0 0 0 0]
                 [0 0 0 0 0]
                 [0 0 0 0 0]
                 [0 0 0 0 0]
                 [0 0 0 0 0]
                 [0 0 0 0 0]
                 [0 0 0 0 0]
                 [0 0 0 0 0]
                 [0 0 0 0 0]
                 [0 0 0 0 0]]
             [[0 0 0 0 0]
                 [0 0 0 0 0]
                 [0 0 0 0 0]
                 [0 0 0 0 0]
                 [0 0 0 0 0]
                 [0 0 0 0 0]
                 [0 0 0 0 0]
                 [0 0 0 0 0]
                 [0 0 0 0 0]
                 [0 0 0 0 0]]
             [[0 0 0 0 0]
                 [0 0 0 0 0]
                 [0 0 0 0 0]
                 [0 0 0 0 0]
                 [0 0 0 0 0]
                 [0 0 0 0 0]
                 [0 0 0 0 0]
                 [0 0 0 0 0]
                 [0 0 0 0 0]
                 [0 0 0 0 0]]
             [[0 0 0 0 0]
                 [0 0 0 0 0]
                 [0 0 0 0 0]
                 [0 0 0 0 0]
                 [0 0 0 0 0]
                 [0 0 0 0 0]
                 [0 0 0 0 0]
                 [0 0 0 0 0]
                 [0 0 0 0 0]
                 [0 0 0 0 0]]
             [[0 0 0 0 0]
                 [0 0 0 0 0]
                 [0 0 0 0 0]
                 [0 0 0 0 0]
                 [0 0 0 0 0]
                 [0 0 0 0 0]
                 [0 0 0 0 0]
                 [0 0 0 0 0]
                 [0 0 0 0 0]
                 [0 0 0 0 0]]
             [[0 0 0 0 0]
                 [0 0 0 0 0]
                 [0 0 0 0 0]
                 [0 0 0 0 0]
                 [0 0 0 0 0]
                 [0 0 0 0 0]
                 [0 0 0 0 0]
                 [0 0 0 0 0]
                 [0 0 0 0 0]
                 [0 0 0 0 0]]]
         [[[0 0 0 0 0]
                 [0 0 0 0 0]
                 [0 0 0 0 0]
                 [0 0 0 0 0]
                 [0 0 0 0 0]
                 [0 0 0 0 0]
                 [0 0 0 0 0]
                 [0 0 0 0 0]
                 [1 0 0 0 0]
                 [0 0 0 0 0]]
             [[0 0 0 0 0]
                 [0 0 0 0 0]
                 [0 0 0 0 0]
                 [0 0 0 0 0]
                 [0 0 0 0 0]
                 [0 0 0 0 0]
                 [0 0 0 0 0]
                 [0 0 0 0 0]
                 [0 0 0 0 0]
                 [0 0 0 0 0]]
             [[0 0 0 0 0]
                 [0 0 0 0 0]
                 [0 0 0 0 0]
                 [0 0 0 0 0]
                 [0 0 0 0 0]
                 [0 0 0 0 0]
                 [0 0 0 0 0]
                 [0 0 0 0 0]
                 [0 0 0 0 0]
                 [0 0 0 0 0]]
             [[0 0 0 0 0]
                 [0 0 0 0 0]
                 [0 0 0 0 0]
                 [0 0 0 0 0]
                 [0 0 0 0 0]
                 [0 0 0 0 0]
                 [0 0 0 0 0]
                 [0 0 0 0 0]
                 [0 0 0 0 0]
                 [0 0 0 0 0]]
             [[0 0 0 0 0]
                 [0 0 0 0 0]
                 [0 0 0 0 0]
                 [0 0 0 0 0]
                 [0 0 0 0 0]
                 [0 0 0 0 0]
                 [0 0 0 0 0]
                 [0 0 0 0 0]
                 [0 0 0 0 0]
                 [0 0 0 0 0]]
             [[0 0 0 0 0]
                 [0 0 0 0 0]
                 [0 0 0 0 0]
                 [0 0 0 0 0]
                 [0 0 0 0 0]
                 [0 0 0 0 0]
                 [0 0 0 0 0]
                 [0 0 0 0 0]
                 [0 0 0 0 0]
                 [0 0 0 0 0]]
             [[0 0 0 0 0]
                 [0 0 0 0 0]
                 [0 0 0 0 0]
                 [0 0 0 0 0]
                 [0 0 0 0 0]
                 [0 0 0 0 0]
                 [0 0 0 0 0]
                 [0 0 0 0 0]
                 [0 0 0 0 0]
                 [0 0 0 0 0]]
             [[0 0 0 0 0]
                 [0 0 0 0 0]
                 [0 0 0 0 0]
                 [0 0 0 0 0]
                 [0 0 0 0 0]
                 [0 0 0 0 0]
                 [0 0 0 0 0]
                 [0 0 0 0 0]
                 [0 0 0 0 0]
                 [0 0 0 0 0]]
             [[0 0 0 0 0]
                 [0 0 0 0 0]
                 [0 0 0 0 0]
                 [0 0 0 0 0]
                 [0 0 0 0 0]
                 [0 0 0 0 0]
                 [0 0 0 0 0]
                 [0 0 0 0 0]
                 [0 0 0 0 0]
                 [0 0 0 0 0]]
             [[0 0 0 0 0]
                 [0 0 0 0 0]
                 [0 0 0 0 0]
                 [0 0 0 0 0]
                 [0 0 0 0 0]
                 [0 0 0 0 0]
                 [0 0 0 0 0]
                 [0 0 0 0 0]
                 [0 0 0 0 0]
                 [0 0 0 0 0]]
             [[0 0 0 0 0]
                 [0 0 0 0 0]
                 [0 0 0 0 0]
                 [0 0 0 0 0]
                 [0 0 0 0 0]
                 [0 0 0 0 0]
                 [0 0 0 0 0]
                 [0 0 0 0 0]
                 [0 0 0 0 0]
                 [0 0 0 0 0]]
             [[0 0 0 0 0]
                 [0 0 0 0 0]
                 [0 0 0 0 0]
                 [0 0 0 0 0]
                 [0 0 0 0 0]
                 [0 0 0 0 0]
                 [0 0 0 0 0]
                 [0 0 0 0 0]
                 [0 0 0 0 0]
                 [0 0 0 0 0]]]
         [[[0 0 0 0 0]
                 [0 0 0 0 0]
                 [1 0 0 0 0]
                 [0 0 0 0 0]
                 [0 0 0 0 0]
                 [0 0 0 0 0]
                 [0 0 0 0 0]
                 [0 0 0 0 0]
                 [0 0 0 0 0]
                 [0 0 0 0 0]]
             [[0 0 0 0 0]
                 [0 0 0 0 0]
                 [0 0 0 0 0]
                 [0 0 0 0 0]
                 [0 0 0 0 0]
                 [0 0 0 0 0]
                 [0 0 0 0 0]
                 [0 0 0 0 0]
                 [0 0 0 0 0]
                 [0 0 0 0 0]]
             [[0 0 0 0 0]
                 [0 0 0 0 0]
                 [0 0 0 0 0]
                 [0 0 0 0 0]
                 [0 0 0 0 0]
                 [0 0 0 0 0]
                 [0 0 0 0 0]
                 [0 0 0 0 0]
                 [0 0 0 0 0]
                 [0 0 0 0 0]]
             [[0 0 0 0 0]
                 [0 0 0 0 0]
                 [0 0 0 0 0]
                 [0 0 0 0 0]
                 [0 0 0 0 0]
                 [0 0 0 0 0]
                 [0 0 0 0 0]
                 [0 0 0 0 0]
                 [0 0 0 0 0]
                 [0 0 0 0 0]]
             [[0 0 0 0 0]
                 [0 0 0 0 0]
                 [0 0 0 0 0]
                 [0 0 0 0 0]
                 [0 0 0 0 0]
                 [0 0 0 0 0]
                 [0 0 0 0 0]
                 [0 0 0 0 0]
                 [0 0 0 0 0]
                 [0 0 0 0 0]]
             [[0 0 0 0 0]
                 [0 0 0 0 0]
                 [0 0 0 0 0]
                 [0 0 0 0 0]
                 [0 0 0 0 0]
                 [0 0 0 0 0]
                 [0 0 0 0 0]
                 [0 0 0 0 0]
                 [0 0 0 0 0]
                 [0 0 0 0 0]]
             [[0 0 0 0 0]
                 [0 0 0 0 0]
                 [0 0 0 0 0]
                 [0 0 0 0 0]
                 [0 0 0 0 0]
                 [0 0 0 0 0]
                 [0 0 0 0 0]
                 [0 0 0 0 0]
                 [0 0 0 0 0]
                 [0 0 0 0 0]]
             [[0 0 0 0 0]
                 [0 0 0 0 0]
                 [0 0 0 0 0]
                 [0 0 0 0 0]
                 [0 0 0 0 0]
                 [0 0 0 0 0]
                 [0 0 0 0 0]
                 [0 0 0 0 0]
                 [0 0 0 0 0]
                 [0 0 0 0 0]]
             [[0 0 0 0 0]
                 [0 0 0 0 0]
                 [0 0 0 0 0]
                 [0 0 0 0 0]
                 [0 0 0 0 0]
                 [0 0 0 0 0]
                 [0 0 0 0 0]
                 [0 0 0 0 0]
                 [0 0 0 0 0]
                 [0 0 0 0 0]]
             [[0 0 0 0 0]
                 [0 0 0 0 0]
                 [0 0 0 0 0]
                 [0 0 0 0 0]
                 [0 0 0 0 0]
                 [0 0 0 0 0]
                 [0 0 0 0 0]
                 [0 0 0 0 0]
                 [0 0 0 0 0]
                 [0 0 0 0 0]]
             [[0 0 0 0 0]
                 [0 0 0 0 0]
                 [0 0 0 0 0]
                 [0 0 0 0 0]
                 [0 0 0 0 0]
                 [0 0 0 0 0]
                 [0 0 0 0 0]
                 [0 0 0 0 0]
                 [0 0 0 0 0]
                 [0 0 0 0 0]]
             [[0 0 0 0 0]
                 [0 0 0 0 0]
                 [0 0 0 0 0]
                 [0 0 0 0 0]
                 [0 0 0 0 0]
                 [0 0 0 0 0]
                 [0 0 0 0 0]
                 [0 0 0 0 0]
                 [0 0 0 0 0]
                 [0 0 0 0 0]]]
         [[[0 0 0 0 0]
                 [0 0 0 0 0]
                 [0 0 0 0 0]
                 [0 0 0 0 0]
                 [0 0 0 0 0]
                 [0 0 0 0 0]
                 [0 0 0 0 0]
                 [0 0 0 0 0]
                 [0 0 0 0 0]
                 [1 0 0 0 0]]
             [[0 0 0 0 0]
                 [0 0 0 0 0]
                 [0 0 0 0 0]
                 [0 0 0 0 0]
                 [0 0 0 0 0]
                 [0 0 0 0 0]
                 [0 0 0 0 0]
                 [0 0 0 0 0]
                 [0 0 0 0 0]
                 [0 0 0 0 0]]
             [[0 0 0 0 0]
                 [0 0 0 0 0]
                 [0 0 0 0 0]
                 [0 0 0 0 0]
                 [0 0 0 0 0]
                 [0 0 0 0 0]
                 [0 0 0 0 0]
                 [0 0 0 0 0]
                 [0 0 0 0 0]
                 [0 0 0 0 0]]
             [[0 0 0 0 0]
                 [0 0 0 0 0]
                 [0 0 0 0 0]
                 [0 0 0 0 0]
                 [0 0 0 0 0]
                 [0 0 0 0 0]
                 [0 0 0 0 0]
                 [0 0 0 0 0]
                 [0 0 0 0 0]
                 [0 0 0 0 0]]
             [[0 0 0 0 0]
                 [0 0 0 0 0]
                 [0 0 0 0 0]
                 [0 0 0 0 0]
                 [0 0 0 0 0]
                 [0 0 0 0 0]
                 [0 0 0 0 0]
                 [0 0 0 0 0]
                 [0 0 0 0 0]
                 [0 0 0 0 0]]
             [[0 0 0 0 0]
                 [0 0 0 0 0]
                 [0 0 0 0 0]
                 [0 0 0 0 0]
                 [0 0 0 0 0]
                 [0 0 0 0 0]
                 [0 0 0 0 0]
                 [0 0 0 0 0]
                 [0 0 0 0 0]
                 [0 0 0 0 0]]
             [[0 0 0 0 0]
                 [0 0 0 0 0]
                 [0 0 0 0 0]
                 [0 0 0 0 0]
                 [0 0 0 0 0]
                 [0 0 0 0 0]
                 [0 0 0 0 0]
                 [0 0 0 0 0]
                 [0 0 0 0 0]
                 [0 0 0 0 0]]
             [[0 0 0 0 0]
                 [0 0 0 0 0]
                 [0 0 0 0 0]
                 [0 0 0 0 0]
                 [0 0 0 0 0]
                 [0 0 0 0 0]
                 [0 0 0 0 0]
                 [0 0 0 0 0]
                 [0 0 0 0 0]
                 [0 0 0 0 0]]
             [[0 0 0 0 0]
                 [0 0 0 0 0]
                 [0 0 0 0 0]
                 [0 0 0 0 0]
                 [0 0 0 0 0]
                 [0 0 0 0 0]
                 [0 0 0 0 0]
                 [0 0 0 0 0]
                 [0 0 0 0 0]
                 [0 0 0 0 0]]
             [[0 0 0 0 0]
                 [0 0 0 0 0]
                 [0 0 0 0 0]
                 [0 0 0 0 0]
                 [0 0 0 0 0]
                 [0 0 0 0 0]
                 [0 0 0 0 0]
                 [0 0 0 0 0]
                 [0 0 0 0 0]
                 [0 0 0 0 0]]
             [[0 0 0 0 0]
                 [0 0 0 0 0]
                 [0 0 0 0 0]
                 [0 0 0 0 0]
                 [0 0 0 0 0]
                 [0 0 0 0 0]
                 [0 0 0 0 0]
                 [0 0 0 0 0]
                 [0 0 0 0 0]
                 [0 0 0 0 0]]
             [[0 0 0 0 0]
                 [0 0 0 0 0]
                 [0 0 0 0 0]
                 [0 0 0 0 0]
                 [0 0 0 0 0]
                 [0 0 0 0 0]
                 [0 0 0 0 0]
                 [0 0 0 0 0]
                 [0 0 0 0 0]
                 [0 0 0 0 0]]]
         [[[0 0 0 0 0]
                 [0 0 0 0 0]
                 [0 0 0 0 0]
                 [0 0 0 0 0]
                 [0 0 0 0 0]
                 [1 0 0 0 0]
                 [0 0 0 0 0]
                 [0 0 0 0 0]
                 [0 0 0 0 0]
                 [0 0 0 0 0]]
             [[0 0 0 0 0]
                 [0 0 0 0 0]
                 [0 0 0 0 0]
                 [0 0 0 0 0]
                 [0 0 0 0 0]
                 [0 0 0 0 0]
                 [0 0 0 0 0]
                 [0 0 0 0 0]
                 [0 0 0 0 0]
                 [0 0 0 0 0]]
             [[0 0 0 0 0]
                 [0 0 0 0 0]
                 [0 0 0 0 0]
                 [0 0 0 0 0]
                 [0 0 0 0 0]
                 [0 0 0 0 0]
                 [0 0 0 0 0]
                 [0 0 0 0 0]
                 [0 0 0 0 0]
                 [0 0 0 0 0]]
             [[0 0 0 0 0]
                 [0 0 0 0 0]
                 [0 0 0 0 0]
                 [0 0 0 0 0]
                 [0 0 0 0 0]
                 [0 0 0 0 0]
                 [0 0 0 0 0]
                 [0 0 0 0 0]
                 [0 0 0 0 0]
                 [0 0 0 0 0]]
             [[0 0 0 0 0]
                 [0 0 0 0 0]
                 [0 0 0 0 0]
                 [0 0 0 0 0]
                 [0 0 0 0 0]
                 [0 0 0 0 0]
                 [0 0 0 0 0]
                 [0 0 0 0 0]
                 [0 0 0 0 0]
                 [0 0 0 0 0]]
             [[0 0 0 0 0]
                 [0 0 0 0 0]
                 [0 0 0 0 0]
                 [0 0 0 0 0]
                 [0 0 0 0 0]
                 [0 0 0 0 0]
                 [0 0 0 0 0]
                 [0 0 0 0 0]
                 [0 0 0 0 0]
                 [0 0 0 0 0]]
             [[0 0 0 0 0]
                 [0 0 0 0 0]
                 [0 0 0 0 0]
                 [0 0 0 0 0]
                 [0 0 0 0 0]
                 [0 0 0 0 0]
                 [0 0 0 0 0]
                 [0 0 0 0 0]
                 [0 0 0 0 0]
                 [0 0 0 0 0]]
             [[0 0 0 0 0]
                 [0 0 0 0 0]
                 [0 0 0 0 0]
                 [0 0 0 0 0]
                 [0 0 0 0 0]
                 [0 0 0 0 0]
                 [0 0 0 0 0]
                 [0 0 0 0 0]
                 [0 0 0 0 0]
                 [0 0 0 0 0]]
             [[0 0 0 0 0]
                 [0 0 0 0 0]
                 [0 0 0 0 0]
                 [0 0 0 0 0]
                 [0 0 0 0 0]
                 [0 0 0 0 0]
                 [0 0 0 0 0]
                 [0 0 0 0 0]
                 [0 0 0 0 0]
                 [0 0 0 0 0]]
             [[0 0 0 0 0]
                 [0 0 0 0 0]
                 [0 0 0 0 0]
                 [0 0 0 0 0]
                 [0 0 0 0 0]
                 [0 0 0 0 0]
                 [0 0 0 0 0]
                 [0 0 0 0 0]
                 [0 0 0 0 0]
                 [0 0 0 0 0]]
             [[0 0 0 0 0]
                 [0 0 0 0 0]
                 [0 0 0 0 0]
                 [0 0 0 0 0]
                 [0 0 0 0 0]
                 [0 0 0 0 0]
                 [0 0 0 0 0]
                 [0 0 0 0 0]
                 [0 0 0 0 0]
                 [0 0 0 0 0]]
             [[0 0 0 0 0]
                 [0 0 0 0 0]
                 [0 0 0 0 0]
                 [0 0 0 0 0]
                 [0 0 0 0 0]
                 [0 0 0 0 0]
                 [0 0 0 0 0]
                 [0 0 0 0 0]
                 [0 0 0 0 0]
                 [0 0 0 0 0]]]
         [[[0 0 0 0 0]
                 [0 0 0 0 0]
                 [0 0 0 0 0]
                 [1 0 0 0 0]
                 [0 0 0 0 0]
                 [0 0 0 0 0]
                 [0 0 0 0 0]
                 [0 0 0 0 0]
                 [0 0 0 0 0]
                 [0 0 0 0 0]]
             [[0 0 0 0 0]
                 [0 0 0 0 0]
                 [0 0 0 0 0]
                 [0 0 0 0 0]
                 [0 0 0 0 0]
                 [0 0 0 0 0]
                 [0 0 0 0 0]
                 [0 0 0 0 0]
                 [0 0 0 0 0]
                 [0 0 0 0 0]]
             [[0 0 0 0 0]
                 [0 0 0 0 0]
                 [0 0 0 0 0]
                 [0 0 0 0 0]
                 [0 0 0 0 0]
                 [0 0 0 0 0]
                 [0 0 0 0 0]
                 [0 0 0 0 0]
                 [0 0 0 0 0]
                 [0 0 0 0 0]]
             [[0 0 0 0 0]
                 [0 0 0 0 0]
                 [0 0 0 0 0]
                 [0 0 0 0 0]
                 [0 0 0 0 0]
                 [0 0 0 0 0]
                 [0 0 0 0 0]
                 [0 0 0 0 0]
                 [0 0 0 0 0]
                 [0 0 0 0 0]]
             [[0 0 0 0 0]
                 [0 0 0 0 0]
                 [0 0 0 0 0]
                 [0 0 0 0 0]
                 [0 0 0 0 0]
                 [0 0 0 0 0]
                 [0 0 0 0 0]
                 [0 0 0 0 0]
                 [0 0 0 0 0]
                 [0 0 0 0 0]]
             [[0 0 0 0 0]
                 [0 0 0 0 0]
                 [0 0 0 0 0]
                 [0 0 0 0 0]
                 [0 0 0 0 0]
                 [0 0 0 0 0]
                 [0 0 0 0 0]
                 [0 0 0 0 0]
                 [0 0 0 0 0]
                 [0 0 0 0 0]]
             [[0 0 0 0 0]
                 [0 0 0 0 0]
                 [0 0 0 0 0]
                 [0 0 0 0 0]
                 [0 0 0 0 0]
                 [0 0 0 0 0]
                 [0 0 0 0 0]
                 [0 0 0 0 0]
                 [0 0 0 0 0]
                 [0 0 0 0 0]]
             [[0 0 0 0 0]
                 [0 0 0 0 0]
                 [0 0 0 0 0]
                 [0 0 0 0 0]
                 [0 0 0 0 0]
                 [0 0 0 0 0]
                 [0 0 0 0 0]
                 [0 0 0 0 0]
                 [0 0 0 0 0]
                 [0 0 0 0 0]]
             [[0 0 0 0 0]
                 [0 0 0 0 0]
                 [0 0 0 0 0]
                 [0 0 0 0 0]
                 [0 0 0 0 0]
                 [0 0 0 0 0]
                 [0 0 0 0 0]
                 [0 0 0 0 0]
                 [0 0 0 0 0]
                 [0 0 0 0 0]]
             [[0 0 0 0 0]
                 [0 0 0 0 0]
                 [0 0 0 0 0]
                 [0 0 0 0 0]
                 [0 0 0 0 0]
                 [0 0 0 0 0]
                 [0 0 0 0 0]
                 [0 0 0 0 0]
                 [0 0 0 0 0]
                 [0 0 0 0 0]]
             [[0 0 0 0 0]
                 [0 0 0 0 0]
                 [0 0 0 0 0]
                 [0 0 0 0 0]
                 [0 0 0 0 0]
                 [0 0 0 0 0]
                 [0 0 0 0 0]
                 [0 0 0 0 0]
                 [0 0 0 0 0]
                 [0 0 0 0 0]]
             [[0 0 0 0 0]
                 [0 0 0 0 0]
                 [0 0 0 0 0]
                 [0 0 0 0 0]
                 [0 0 0 0 0]
                 [0 0 0 0 0]
                 [0 0 0 0 0]
                 [0 0 0 0 0]
                 [0 0 0 0 0]
                 [0 0 0 0 0]]]
         [[[0 0 0 0 0]
                 [0 0 0 0 0]
                 [0 0 0 0 0]
                 [0 0 0 0 0]
                 [0 0 0 0 0]
                 [0 0 0 0 0]
                 [0 0 0 0 0]
                 [1 0 0 0 0]
                 [0 0 0 0 0]
                 [0 0 0 0 0]]
             [[0 0 0 0 0]
                 [0 0 0 0 0]
                 [0 0 0 0 0]
                 [0 0 0 0 0]
                 [0 0 0 0 0]
                 [0 0 0 0 0]
                 [0 0 0 0 0]
                 [0 0 0 0 0]
                 [0 0 0 0 0]
                 [0 0 0 0 0]]
             [[0 0 0 0 0]
                 [0 0 0 0 0]
                 [0 0 0 0 0]
                 [0 0 0 0 0]
                 [0 0 0 0 0]
                 [0 0 0 0 0]
                 [0 0 0 0 0]
                 [0 0 0 0 0]
                 [0 0 0 0 0]
                 [0 0 0 0 0]]
             [[0 0 0 0 0]
                 [0 0 0 0 0]
                 [0 0 0 0 0]
                 [0 0 0 0 0]
                 [0 0 0 0 0]
                 [0 0 0 0 0]
                 [0 0 0 0 0]
                 [0 0 0 0 0]
                 [0 0 0 0 0]
                 [0 0 0 0 0]]
             [[0 0 0 0 0]
                 [0 0 0 0 0]
                 [0 0 0 0 0]
                 [0 0 0 0 0]
                 [0 0 0 0 0]
                 [0 0 0 0 0]
                 [0 0 0 0 0]
                 [0 0 0 0 0]
                 [0 0 0 0 0]
                 [0 0 0 0 0]]
             [[0 0 0 0 0]
                 [0 0 0 0 0]
                 [0 0 0 0 0]
                 [0 0 0 0 0]
                 [0 0 0 0 0]
                 [0 0 0 0 0]
                 [0 0 0 0 0]
                 [0 0 0 0 0]
                 [0 0 0 0 0]
                 [0 0 0 0 0]]
             [[0 0 0 0 0]
                 [0 0 0 0 0]
                 [0 0 0 0 0]
                 [0 0 0 0 0]
                 [0 0 0 0 0]
                 [0 0 0 0 0]
                 [0 0 0 0 0]
                 [0 0 0 0 0]
                 [0 0 0 0 0]
                 [0 0 0 0 0]]
             [[0 0 0 0 0]
                 [0 0 0 0 0]
                 [0 0 0 0 0]
                 [0 0 0 0 0]
                 [0 0 0 0 0]
                 [0 0 0 0 0]
                 [0 0 0 0 0]
                 [0 0 0 0 0]
                 [0 0 0 0 0]
                 [0 0 0 0 0]]
             [[0 0 0 0 0]
                 [0 0 0 0 0]
                 [0 0 0 0 0]
                 [0 0 0 0 0]
                 [0 0 0 0 0]
                 [0 0 0 0 0]
                 [0 0 0 0 0]
                 [0 0 0 0 0]
                 [0 0 0 0 0]
                 [0 0 0 0 0]]
             [[0 0 0 0 0]
                 [0 0 0 0 0]
                 [0 0 0 0 0]
                 [0 0 0 0 0]
                 [0 0 0 0 0]
                 [0 0 0 0 0]
                 [0 0 0 0 0]
                 [0 0 0 0 0]
                 [0 0 0 0 0]
                 [0 0 0 0 0]]
             [[0 0 0 0 0]
                 [0 0 0 0 0]
                 [0 0 0 0 0]
                 [0 0 0 0 0]
                 [0 0 0 0 0]
                 [0 0 0 0 0]
                 [0 0 0 0 0]
                 [0 0 0 0 0]
                 [0 0 0 0 0]
                 [0 0 0 0 0]]
             [[0 0 0 0 0]
                 [0 0 0 0 0]
                 [0 0 0 0 0]
                 [0 0 0 0 0]
                 [0 0 0 0 0]
                 [0 0 0 0 0]
                 [0 0 0 0 0]
                 [0 0 0 0 0]
                 [0 0 0 0 0]
                 [0 0 0 0 0]]]
         [[[1 0 0 0 0]
                 [0 0 0 0 0]
                 [0 0 0 0 0]
                 [0 0 0 0 0]
                 [0 0 0 0 0]
                 [0 0 0 0 0]
                 [0 0 0 0 0]
                 [0 0 0 0 0]
                 [0 0 0 0 0]
                 [0 0 0 0 0]]
             [[0 0 0 0 0]
                 [0 0 0 0 0]
                 [0 0 0 0 0]
                 [0 0 0 0 0]
                 [0 0 0 0 0]
                 [0 0 0 0 0]
                 [0 0 0 0 0]
                 [0 0 0 0 0]
                 [0 0 0 0 0]
                 [0 0 0 0 0]]
             [[0 0 0 0 0]
                 [0 0 0 0 0]
                 [0 0 0 0 0]
                 [0 0 0 0 0]
                 [0 0 0 0 0]
                 [0 0 0 0 0]
                 [0 0 0 0 0]
                 [0 0 0 0 0]
                 [0 0 0 0 0]
                 [0 0 0 0 0]]
             [[0 0 0 0 0]
                 [0 0 0 0 0]
                 [0 0 0 0 0]
                 [0 0 0 0 0]
                 [0 0 0 0 0]
                 [0 0 0 0 0]
                 [0 0 0 0 0]
                 [0 0 0 0 0]
                 [0 0 0 0 0]
                 [0 0 0 0 0]]
             [[0 0 0 0 0]
                 [0 0 0 0 0]
                 [0 0 0 0 0]
                 [0 0 0 0 0]
                 [0 0 0 0 0]
                 [0 0 0 0 0]
                 [0 0 0 0 0]
                 [0 0 0 0 0]
                 [0 0 0 0 0]
                 [0 0 0 0 0]]
             [[0 0 0 0 0]
                 [0 0 0 0 0]
                 [0 0 0 0 0]
                 [0 0 0 0 0]
                 [0 0 0 0 0]
                 [0 0 0 0 0]
                 [0 0 0 0 0]
                 [0 0 0 0 0]
                 [0 0 0 0 0]
                 [0 0 0 0 0]]
             [[0 0 0 0 0]
                 [0 0 0 0 0]
                 [0 0 0 0 0]
                 [0 0 0 0 0]
                 [0 0 0 0 0]
                 [0 0 0 0 0]
                 [0 0 0 0 0]
                 [0 0 0 0 0]
                 [0 0 0 0 0]
                 [0 0 0 0 0]]
             [[0 0 0 0 0]
                 [0 0 0 0 0]
                 [0 0 0 0 0]
                 [0 0 0 0 0]
                 [0 0 0 0 0]
                 [0 0 0 0 0]
                 [0 0 0 0 0]
                 [0 0 0 0 0]
                 [0 0 0 0 0]
                 [0 0 0 0 0]]
             [[0 0 0 0 0]
                 [0 0 0 0 0]
                 [0 0 0 0 0]
                 [0 0 0 0 0]
                 [0 0 0 0 0]
                 [0 0 0 0 0]
                 [0 0 0 0 0]
                 [0 0 0 0 0]
                 [0 0 0 0 0]
                 [0 0 0 0 0]]
             [[0 0 0 0 0]
                 [0 0 0 0 0]
                 [0 0 0 0 0]
                 [0 0 0 0 0]
                 [0 0 0 0 0]
                 [0 0 0 0 0]
                 [0 0 0 0 0]
                 [0 0 0 0 0]
                 [0 0 0 0 0]
                 [0 0 0 0 0]]
             [[0 0 0 0 0]
                 [0 0 0 0 0]
                 [0 0 0 0 0]
                 [0 0 0 0 0]
                 [0 0 0 0 0]
                 [0 0 0 0 0]
                 [0 0 0 0 0]
                 [0 0 0 0 0]
                 [0 0 0 0 0]
                 [0 0 0 0 0]]
             [[0 0 0 0 0]
                 [0 0 0 0 0]
                 [0 0 0 0 0]
                 [0 0 0 0 0]
                 [0 0 0 0 0]
                 [0 0 0 0 0]
                 [0 0 0 0 0]
                 [0 0 0 0 0]
                 [0 0 0 0 0]
                 [0 0 0 0 0]]]
         [[[0 0 0 0 0]
                 [1 0 0 0 0]
                 [0 0 0 0 0]
                 [0 0 0 0 0]
                 [0 0 0 0 0]
                 [0 0 0 0 0]
                 [0 0 0 0 0]
                 [0 0 0 0 0]
                 [0 0 0 0 0]
                 [0 0 0 0 0]]
             [[0 0 0 0 0]
                 [0 0 0 0 0]
                 [0 0 0 0 0]
                 [0 0 0 0 0]
                 [0 0 0 0 0]
                 [0 0 0 0 0]
                 [0 0 0 0 0]
                 [0 0 0 0 0]
                 [0 0 0 0 0]
                 [0 0 0 0 0]]
             [[0 0 0 0 0]
                 [0 0 0 0 0]
                 [0 0 0 0 0]
                 [0 0 0 0 0]
                 [0 0 0 0 0]
                 [0 0 0 0 0]
                 [0 0 0 0 0]
                 [0 0 0 0 0]
                 [0 0 0 0 0]
                 [0 0 0 0 0]]
             [[0 0 0 0 0]
                 [0 0 0 0 0]
                 [0 0 0 0 0]
                 [0 0 0 0 0]
                 [0 0 0 0 0]
                 [0 0 0 0 0]
                 [0 0 0 0 0]
                 [0 0 0 0 0]
                 [0 0 0 0 0]
                 [0 0 0 0 0]]
             [[0 0 0 0 0]
                 [0 0 0 0 0]
                 [0 0 0 0 0]
                 [0 0 0 0 0]
                 [0 0 0 0 0]
                 [0 0 0 0 0]
                 [0 0 0 0 0]
                 [0 0 0 0 0]
                 [0 0 0 0 0]
                 [0 0 0 0 0]]
             [[0 0 0 0 0]
                 [0 0 0 0 0]
                 [0 0 0 0 0]
                 [0 0 0 0 0]
                 [0 0 0 0 0]
                 [0 0 0 0 0]
                 [0 0 0 0 0]
                 [0 0 0 0 0]
                 [0 0 0 0 0]
                 [0 0 0 0 0]]
             [[0 0 0 0 0]
                 [0 0 0 0 0]
                 [0 0 0 0 0]
                 [0 0 0 0 0]
                 [0 0 0 0 0]
                 [0 0 0 0 0]
                 [0 0 0 0 0]
                 [0 0 0 0 0]
                 [0 0 0 0 0]
                 [0 0 0 0 0]]
             [[0 0 0 0 0]
                 [0 0 0 0 0]
                 [0 0 0 0 0]
                 [0 0 0 0 0]
                 [0 0 0 0 0]
                 [0 0 0 0 0]
                 [0 0 0 0 0]
                 [0 0 0 0 0]
                 [0 0 0 0 0]
                 [0 0 0 0 0]]
             [[0 0 0 0 0]
                 [0 0 0 0 0]
                 [0 0 0 0 0]
                 [0 0 0 0 0]
                 [0 0 0 0 0]
                 [0 0 0 0 0]
                 [0 0 0 0 0]
                 [0 0 0 0 0]
                 [0 0 0 0 0]
                 [0 0 0 0 0]]
             [[0 0 0 0 0]
                 [0 0 0 0 0]
                 [0 0 0 0 0]
                 [0 0 0 0 0]
                 [0 0 0 0 0]
                 [0 0 0 0 0]
                 [0 0 0 0 0]
                 [0 0 0 0 0]
                 [0 0 0 0 0]
                 [0 0 0 0 0]]
             [[0 0 0 0 0]
                 [0 0 0 0 0]
                 [0 0 0 0 0]
                 [0 0 0 0 0]
                 [0 0 0 0 0]
                 [0 0 0 0 0]
                 [0 0 0 0 0]
                 [0 0 0 0 0]
                 [0 0 0 0 0]
                 [0 0 0 0 0]]
             [[0 0 0 0 0]
                 [0 0 0 0 0]
                 [0 0 0 0 0]
                 [0 0 0 0 0]
                 [0 0 0 0 0]
                 [0 0 0 0 0]
                 [0 0 0 0 0]
                 [0 0 0 0 0]
                 [0 0 0 0 0]
                 [0 0 0 0 0]]]
         [[[0 0 0 0 0]
                 [0 0 0 0 0]
                 [0 0 0 0 0]
                 [0 0 0 0 0]
                 [0 0 0 0 0]
                 [0 0 0 0 0]
                 [0 0 0 0 0]
                 [0 0 0 0 0]
                 [0 0 0 0 0]
                 [0 0 0 0 0]]
             [[0 0 0 0 0]
                 [0 0 0 0 0]
                 [0 0 0 0 0]
                 [0 0 0 0 0]
                 [0 0 0 0 0]
                 [0 0 0 0 0]
                 [0 0 0 0 0]
                 [0 0 0 0 0]
                 [0 0 0 0 0]
                 [0 0 0 0 0]]
             [[0 0 0 0 0]
                 [0 0 0 0 0]
                 [0 0 0 0 0]
                 [0 0 0 0 0]
                 [0 0 0 0 0]
                 [0 0 0 0 0]
                 [0 0 0 0 0]
                 [0 0 0 0 0]
                 [0 0 0 0 0]
                 [0 0 0 0 0]]
             [[0 0 0 0 0]
                 [0 0 0 0 0]
                 [0 0 0 0 0]
                 [0 0 0 0 0]
                 [0 0 0 0 0]
                 [0 0 0 0 0]
                 [0 0 0 0 0]
                 [0 0 0 0 0]
                 [0 0 0 0 0]
                 [0 0 0 0 0]]
             [[0 0 0 0 0]
                 [0 0 0 0 0]
                 [0 0 0 0 0]
                 [0 0 0 0 0]
                 [0 0 0 0 0]
                 [0 0 0 0 0]
                 [0 0 0 0 0]
                 [0 0 0 0 0]
                 [0 0 0 0 0]
                 [0 0 0 0 0]]
             [[0 0 0 0 0]
                 [0 0 0 0 0]
                 [0 0 0 0 0]
                 [0 0 0 0 0]
                 [0 0 0 0 0]
                 [0 0 0 0 0]
                 [0 0 0 0 0]
                 [0 0 0 0 0]
                 [0 0 0 0 0]
                 [0 0 0 0 0]]
             [[0 0 0 0 0]
                 [0 0 0 0 0]
                 [0 0 0 0 0]
                 [0 0 0 0 0]
                 [0 0 0 0 0]
                 [0 0 0 0 0]
                 [0 0 0 0 0]
                 [0 0 0 0 0]
                 [0 0 0 0 0]
                 [0 0 0 0 0]]
             [[0 0 0 0 0]
                 [0 0 0 0 0]
                 [0 0 0 0 0]
                 [0 0 0 0 0]
                 [0 0 0 0 0]
                 [0 0 0 0 0]
                 [0 0 0 0 0]
                 [0 0 0 0 0]
                 [0 0 0 0 0]
                 [0 0 0 0 0]]
             [[0 0 0 0 0]
                 [0 0 0 0 0]
                 [0 0 0 0 0]
                 [0 0 0 0 0]
                 [0 0 0 0 0]
                 [0 0 0 0 0]
                 [0 0 0 0 0]
                 [0 0 0 0 0]
                 [0 0 0 0 0]
                 [0 0 0 0 0]]
             [[0 0 0 0 0]
                 [0 0 0 0 0]
                 [0 0 0 0 0]
                 [0 0 0 0 0]
                 [0 0 0 0 0]
                 [0 0 0 0 0]
                 [0 0 0 0 0]
                 [0 0 0 0 0]
                 [0 0 0 0 0]
                 [0 0 0 0 0]]
             [[0 0 0 0 0]
                 [0 0 0 0 0]
                 [0 0 0 0 0]
                 [0 0 0 0 0]
                 [0 0 0 0 0]
                 [0 0 0 0 0]
                 [0 0 0 0 0]
                 [0 0 0 0 0]
                 [0 0 0 0 0]
                 [0 0 0 0 0]]
             [[0 0 0 0 0]
                 [0 0 0 0 0]
                 [0 0 0 0 0]
                 [0 0 0 0 0]
                 [0 0 0 0 0]
                 [0 0 0 0 0]
                 [0 0 0 0 0]
                 [0 0 0 0 0]
                 [0 0 0 0 0]
                 [0 0 0 0 0]]]]

 [1 1 1 1 1 1 1 1 1 1]

 [[-9007199254740991 0 0 0 0 0 0 0 0 0 0]
         [0 -9007199254740991 0 0 0 0 0 0 0 0 0]
         [0 0 -9007199254740991 0 0 0 0 0 0 0 0]
         [0 0 0 -9007199254740991 0 0 0 0 0 0 0]
         [0 0 0 0 -9007199254740991 0 0 0 0 0 0]
         [0 0 0 0 0 -9007199254740991 0 0 0 0 0]
         [0 0 0 0 0 0 -9007199254740991 0 0 0 0]
         [0 0 0 0 0 0 0 -9007199254740991 0 0 0]
         [0 0 0 0 0 0 0 0 -9007199254740991 0 0]
         [0 0 0 0 0 0 0 0 0 -9007199254740991 0]
         [0 0 0 0 0 0 0 0 0 0 -9007199254740991]]
The total number of e-buses dispatched: 10
BusID 1: 0 -> 9 @ 1 IDLE:0 -> 0 @ 1 IDLE:0
BusID 2: 0 -> 10 @ 1 IDLE:0 -> 0 @ 1 IDLE:0
BusID 3: 0 -> 4 @ 1 IDLE:0 -> 0 @ 1 IDLE:0
BusID 4: 0 -> 7 @ 1 IDLE:0 -> 0 @ 1 IDLE:0
BusID 5: 0 -> 2 @ 1 IDLE:0 -> 0 @ 1 IDLE:0
BusID 6: 0 -> 6 @ 1 IDLE:0 -> 0 @ 1 IDLE:0
BusID 7: 0 -> 1 @ 1 IDLE:0 -> 0 @ 1 IDLE:0
BusID 8: 0 -> 8 @ 1 IDLE:0 -> 0 @ 1 IDLE:0
BusID 9: 0 -> 3 @ 1 IDLE:0 -> 0 @ 1 IDLE:0
BusID 10: 0 -> 5 @ 1 IDLE:0 -> 0 @ 1 IDLE:0
